FR13
9 9
0.199776 0.0998917 0.0998917 0.0998917 0.0998917 0 0 0.0998917 0 
0.0998917 0.0998917 0.0998917 0.0998917 0.299667 0.0998917 0.0998917 0.0998917 0 
0.199776 0.0998917 0.0998917 0.399551 0.599327 0.299667 0.0998917 0 0 
0.199776 0.0998917 0.299667 0.599327 0.799103 0.599327 0.199776 0.0998917 0 
0.199776 0.0998917 0.199776 0.499443 0.898994 0.699219 0.299667 0.0998917 0 
0.199776 0.0998917 0.199776 0.299667 0.499443 0.399551 0.199776 0.299667 0 
0.199776 0.0998917 0.0998917 0 0.0998917 0.0998917 0.299667 0.399551 0 
0.0998917 0.0998917 0.0998917 0 0.199776 0.199776 0.399551 0.499443 0 
0 0 0 0 0 0 0 0 0 
1 1 1 1 1 1 1 1 0 
1 1 1 1 1 1 1 1 0 
1 1 1 1 1 1 1 1 0 
1 1 1 1 1 1 1 1 0 
1 1 1 1 1 1 1 1 0 
1 1 1 1 1 1 1 1 0 
1 1 1 1 1 1 1 1 0 
1 1 1 1 1 1 1 1 0 
0 0 0 0 0 0 0 0 0 
