FR3
15 15
0.493927 0.493927 0.493927 0.493927 0.299805 0.299805 0.39975 0.49968 0.49968 0.49968 0.599609 0.699554 0.899429 0.999359 0.899429 
0.393997 0.493927 0.393997 0.294067 0.299805 0.299805 0.299805 0.39975 0.299805 0.39975 0.49968 0.699554 0.899429 0.999359 1.0993 
0.294067 0.393997 0.294067 0.393997 0.49968 0.599609 0.699554 0.699554 0.699554 0.599609 0.699554 0.699554 0.699554 0.899429 1.0993 
0.294067 0.194153 0.294067 0.393997 0.699554 0.899429 0.999359 1.0993 1.0993 0.999359 0.899429 0.899429 0.699554 0.899429 0.799484 
0.493927 0.393997 0.593857 0.493927 0.899429 1.29916 1.49904 1.49904 1.59898 1.49904 1.39911 1.0993 0.799484 0.599609 0.699554 
0.693771 0.693771 0.593857 0.693771 1.19923 1.59898 1.69891 1.79886 1.79886 1.79886 1.69891 1.29916 0.799484 0.599609 0.699554 
0.793701 0.693771 0.593857 0.693771 1.29916 1.69891 1.79886 1.89879 1.89879 1.59898 1.49904 1.19923 0.699554 0.49968 0.599609 
0.893631 0.793701 0.294067 0.793701 1.29916 1.69891 1.89879 1.79886 1.89879 1.39911 1.19923 0.899429 0.699554 0.699554 0.799484 
0.893631 0.893631 0.493927 0.493927 0.999359 1.29916 1.59898 1.79886 1.59898 1.19923 0.799484 0.599609 0.699554 0.799484 0.799484 
0.793701 0.793701 0.693771 0.393997 0.599609 0.899429 1.19923 1.29916 0.899429 0.39975 0.299805 0.299805 0.599609 0.799484 0.799484 
0.693771 0.593857 0.593857 0.393997 0.299805 0.699554 0.799484 0.699554 0.299805 0.0999298 0 0.199875 0.599609 0.699554 0.699554 
0.493927 0.493927 0.493927 0.493927 0.49968 0.39975 0.49968 0.39975 0.299805 0.0999298 0.39975 0.49968 0.599609 0.49968 0.49968 
0.393997 0.393997 0.393997 0.393997 0.39975 0.39975 0.299805 0.299805 0.299805 0.199875 0.299805 0.39975 0.39975 0.199875 0.199875 
0.194153 0.194153 0.194153 0.194153 0.199875 0.199875 0.0999298 0.0999298 0.199875 0.199875 0.0999298 0.199875 0.199875 0 0.0999298 
0 0 0 0 0 0 0 0 0 0 0 0 0 0 0 
1 1 1 1 1 1 1 1 1 1 1 1 1 1 1 
1 1 1 1 1 1 1 1 1 1 1 1 1 1 1 
1 1 1 1 1 1 1 1 1 1 1 1 1 1 1 
1 1 1 1 1 1 1 1 1 1 1 1 1 1 1 
1 1 1 1 1 1 1 1 1 1 1 1 1 1 1 
1 1 1 1 1 1 1 1 1 1 1 1 1 1 1 
1 1 1 1 1 1 1 1 1 1 1 1 1 1 1 
1 1 1 1 1 1 1 1 1 1 1 1 1 1 1 
1 1 1 1 1 1 1 1 1 1 1 1 1 1 1 
1 1 1 1 1 1 1 1 1 1 1 1 1 1 1 
1 1 1 1 1 1 1 1 1 1 1 1 1 1 1 
1 1 1 1 1 1 1 1 1 1 1 1 1 1 1 
1 1 1 1 1 1 1 1 1 1 1 1 1 1 1 
1 1 1 1 1 1 1 1 1 1 1 1 1 1 1 
0 0 0 0 0 0 0 0 0 0 0 0 0 0 0 
