FR36
9 9
0.199844 0.199844 0.199844 0.199844 0.199844 0.0999146 0.199844 0.199844 0.499619 
0.199844 0.199844 0.199844 0.0999146 0.0999146 0.199844 0.0999146 0.0999146 0.399689 
0.199844 0.0999146 0.0999146 0.499619 0.599533 0.599533 0.599533 0.299759 0.299759 
0.199844 0.0999146 0.0999146 0.799377 0.899307 0.999222 0.799377 0.399689 0.299759 
0.199844 0.199844 0.199844 0.599533 0.899307 0.899307 0.899307 0.299759 0.199844 
0.0999146 0.199844 0.0999146 0.299759 0.699463 0.799377 0.499619 0.199844 0.0999146 
0.0999146 0.0999146 0.199844 0.199844 0.199844 0.199844 0.0999146 0 0 
0 0 0.0999146 0.0999146 0 0 0 0.0999146 0 
0 0 0 0 0 0 0 0 0 
1 1 1 1 1 1 1 1 1 
1 1 1 1 1 1 1 1 1 
1 1 1 1 1 1 1 1 1 
1 1 1 1 1 1 1 1 1 
1 1 1 1 1 1 1 1 1 
1 1 1 1 1 1 1 1 1 
1 1 1 1 1 1 1 1 1 
1 1 1 1 1 1 1 1 1 
0 0 0 0 0 0 0 0 0 
