FR51
7 7
0.699738 0.599777 0.399841 0.299881 0.199921 0.0999603 0 
0.799698 0.599777 0.499817 0.599777 0.499817 0.399841 0.199921 
0.699738 0.799698 0.999619 1.19954 1.09958 0.699738 0.399841 
0.699738 0.899658 1.39946 1.39946 1.2995 0.899658 0.499817 
0.699738 0.899658 1.39946 1.39946 1.2995 0.999619 0.499817 
0.899658 0.799698 1.09958 1.09958 1.09958 0.999619 0.699738 
0.999619 0.899658 0.899658 0.899658 0.899658 0.799698 0.799698 
1 1 1 1 1 1 1 
1 1 1 1 1 1 1 
1 1 1 1 1 1 1 
1 1 1 1 1 1 1 
1 1 1 1 1 1 1 
1 1 1 1 1 1 1 
1 1 1 1 1 1 1 
