FR54
13 13
0 0 0 0 0 0 0 0 0 0 0 0 0 
0.199738 0.199738 0.199738 0.0998688 0.199738 0.299606 0.299606 0.0998688 0.0998688 0 0 0.0998688 0 
0.199738 0.0998688 0.0998688 0.0998688 0.299606 0.399475 0.399475 0.299606 0.0998688 0 0.0998688 0.199738 0 
0.0998688 0.199738 0.199738 0.299606 0.199738 0.599213 0.599213 0.499344 0.399475 0.0998688 0.199738 0.199738 0 
0.199738 0.199738 0.299606 0.499344 0.599213 0.699081 0.699081 0.699081 0.599213 0.399475 0.199738 0.0998688 0 
0.199738 0.199738 0.299606 0.699081 0.699081 0.898819 0.898819 0.898819 0.79895 0.599213 0.399475 0.0998688 0 
0.0998688 0.199738 0.299606 0.599213 0.998703 1.19844 1.09857 0.898819 0.79895 0.499344 0.199738 0.0998688 0 
0.0998688 0.199738 0.299606 0.599213 0.998703 1.29831 1.09857 0.998703 0.898819 0.599213 0.199738 0.199738 0 
0.0998688 0.0998688 0.199738 0.399475 0.79895 0.998703 0.898819 0.79895 0.599213 0.299606 0.199738 0.199738 0 
0.199738 0.199738 0.199738 0.299606 0.399475 0.399475 0.399475 0.399475 0.399475 0.199738 0.0998688 0.199738 0 
0.299606 0.399475 0.299606 0.299606 0.299606 0.299606 0.199738 0.0998688 0.0998688 0.0998688 0.0998688 0.199738 0 
0.399475 0.499344 0.299606 0.399475 0.299606 0.299606 0.199738 0.199738 0.299606 0.199738 0.299606 0.299606 0 
0 0 0 0 0 0 0 0 0 0 0 0 0 
0 0 0 0 0 0 0 0 0 0 0 0 0 
1 1 1 1 1 1 1 1 1 1 1 1 0 
1 1 1 1 1 1 1 1 1 1 1 1 0 
1 1 1 1 1 1 1 1 1 1 1 1 0 
1 1 1 1 1 1 1 1 1 1 1 1 0 
1 1 1 1 1 1 1 1 1 1 1 1 0 
1 1 1 1 1 1 1 1 1 1 1 1 0 
1 1 1 1 1 1 1 1 1 1 1 1 0 
1 1 1 1 1 1 1 1 1 1 1 1 0 
1 1 1 1 1 1 1 1 1 1 1 1 0 
1 1 1 1 1 1 1 1 1 1 1 1 0 
1 1 1 1 1 1 1 1 1 1 1 1 0 
0 0 0 0 0 0 0 0 0 0 0 0 0 
