FR56
11 11
0.399734 0.299805 0.199875 0.199875 0.199875 0.199875 0.0999298 0.0999298 0.299805 0.399734 0.499664 
0.299805 0.299805 0.299805 0.199875 0.199875 0.199875 0.0999298 0.0999298 0 0.299805 0.299805 
0.399734 0.299805 0.299805 0.299805 0.399734 0.499664 0.499664 0.199875 0.0999298 0.199875 0.199875 
0.399734 0.299805 0.499664 0.699524 0.799454 0.899384 0.899384 0.599594 0.299805 0.199875 0.199875 
0.399734 0.499664 0.699524 1.09924 1.19917 1.2991 1.19917 0.899384 0.499664 0.199875 0.199875 
0.299805 0.399734 0.799454 1.2991 1.49896 1.39903 1.39903 1.09924 0.599594 0.299805 0.199875 
0.399734 0.399734 0.799454 1.19917 1.49896 1.49896 1.39903 1.09924 0.599594 0.399734 0.299805 
0.299805 0.499664 0.599594 0.999313 1.2991 1.49896 1.39903 0.999313 0.499664 0.299805 0.299805 
0.499664 0.499664 0.499664 0.599594 0.899384 0.999313 0.999313 0.799454 0.599594 0.499664 0.399734 
0.599594 0.599594 0.599594 0.399734 0.499664 0.599594 0.799454 0.799454 0.699524 0.599594 0.599594 
0.699524 0.699524 0.699524 0.599594 0.599594 0.599594 0.799454 0.899384 0.799454 0.699524 0.699524 
1 1 1 1 1 1 1 1 1 1 1 
1 1 1 1 1 1 1 1 1 1 1 
1 1 1 1 1 1 1 1 1 1 1 
1 1 1 1 1 1 1 1 1 1 1 
1 1 1 1 1 1 1 1 1 1 1 
1 1 1 1 1 1 1 1 1 1 1 
1 1 1 1 1 1 1 1 1 1 1 
1 1 1 1 1 1 1 1 1 1 1 
1 1 1 1 1 1 1 1 1 1 1 
1 1 1 1 1 1 1 1 1 1 1 
1 1 1 1 1 1 1 1 1 1 1 
