FR57
9 9
0.0999451 0.0999451 0 0 0.199875 0.199875 0.0999451 0.0999451 0.299805 
0 0 0.199875 0.299805 0.299805 0.199875 0.0999451 0.0999451 0.0999451 
0.0999451 0.0999451 0.399734 0.599594 0.799454 0.599594 0.299805 0.0999451 0.0999451 
0.0999451 0.399734 0.699524 0.999313 0.999313 0.999313 0.499664 0.199875 0.199875 
0.0999451 0.199875 0.799454 0.899384 1.09924 1.19917 0.599594 0.199875 0.199875 
0.0999451 0.199875 0.599594 0.899384 0.999313 0.899384 0.399734 0.0999451 0.0999451 
0.0999451 0.199875 0.399734 0.399734 0.499664 0.499664 0.299805 0.0999451 0.0999451 
0.0999451 0.0999451 0.0999451 0 0.0999451 0.299805 0 0.0999451 0.199875 
0.299805 0.199875 0 0.0999451 0.199875 0.299805 0.299805 0.299805 0.199875 
1 1 1 1 1 1 1 1 1 
1 1 1 1 1 1 1 1 1 
1 1 1 1 1 1 1 1 1 
1 1 1 1 1 1 1 1 1 
1 1 1 1 1 1 1 1 1 
1 1 1 1 1 1 1 1 1 
1 1 1 1 1 1 1 1 1 
1 1 1 1 1 1 1 1 1 
1 1 1 1 1 1 1 1 1 
