FR6
11 11
0.502663 0.602631 0.602631 0.902542 1.10248 0.902542 0.702606 0.302727 0.00281525 0.00281525 0 
0.202759 0.402695 0.802574 1.10248 1.20245 1.00251 0.802574 0.302727 0.102783 0.102783 0 
0.202759 0.502663 1.00251 1.50236 1.7023 1.60233 1.20245 0.602631 0.102783 0.202759 0 
0.499817 0.699753 1.19958 1.59943 1.79936 1.69939 1.59943 0.899681 0.499817 0.0999603 0 
0.699753 0.899681 1.39951 1.79936 1.89933 1.79936 1.79936 1.19958 0.599785 0.199928 0 
0.699753 0.899681 1.49947 1.89933 1.79936 1.69939 1.69939 1.09961 0.499817 0.199928 0 
0.799713 0.899681 1.29954 1.59943 1.59943 1.49947 1.19958 0.799713 0.299889 0.299889 0 
0.599785 0.699753 0.799713 1.09961 1.19958 1.09961 0.699753 0.199928 0 0.199928 0 
0.699753 0.699753 0.799713 0.599785 0.599785 0.599785 0.499817 0.199928 0.299889 0.499817 0 
0.899681 0.899681 0.899681 0.799713 0.699753 0.599785 0.499817 0.499817 0.599785 0.499817 0 
0 0 0 0 0 0 0 0 0 0 0 
1 1 1 1 1 1 1 1 1 1 0 
1 1 1 1 1 1 1 1 1 1 0 
1 1 1 1 1 1 1 1 1 1 0 
1 1 1 1 1 1 1 1 1 1 0 
1 1 1 1 1 1 1 1 1 1 0 
1 1 1 1 1 1 1 1 1 1 0 
1 1 1 1 1 1 1 1 1 1 0 
1 1 1 1 1 1 1 1 1 1 0 
1 1 1 1 1 1 1 1 1 1 0 
1 1 1 1 1 1 1 1 1 1 0 
0 0 0 0 0 0 0 0 0 0 0 
