FR60
9 9
0.699509 0.599579 0.399719 0.299789 0.299789 0.0999298 0 0 0 
0.599579 0.499649 0.699509 0.799438 0.699509 0.399719 0.0999298 0.0999298 0 
0.599579 0.699509 0.999298 1.19916 1.09923 0.799438 0.299789 0.0999298 0 
0.599579 0.899368 1.39902 1.39902 1.19916 0.999298 0.499649 0.0999298 0 
0.699509 0.999298 1.29909 1.49895 1.39902 1.09923 0.599579 0.0999298 0 
0.899368 0.999298 1.19916 1.49895 1.29909 0.799438 0.399719 0.19986 0 
0.899368 0.899368 1.19916 1.19916 0.899368 0.599579 0.499649 0.399719 0 
1.09923 0.999298 1.09923 0.899368 0.799438 0.599579 0.499649 0.499649 0 
1.19916 1.09923 0.999298 0.899368 0.699509 0.599579 0.599579 0.599579 0 
1 1 1 1 1 1 1 1 0 
1 1 1 1 1 1 1 1 0 
1 1 1 1 1 1 1 1 0 
1 1 1 1 1 1 1 1 0 
1 1 1 1 1 1 1 1 0 
1 1 1 1 1 1 1 1 0 
1 1 1 1 1 1 1 1 0 
1 1 1 1 1 1 1 1 0 
1 1 1 1 1 1 1 1 0 
