FR77
11 11
0.0999451 0.199905 0.199905 0.199905 0.199905 0.199905 0.29985 0.399811 0.399811 0.499756 0.699661 
0 0.0999451 0.29985 0.29985 0.399811 0.199905 0.29985 0.499756 0.499756 0.699661 0.899567 
0.199905 0.199905 0.199905 0.399811 0.599716 0.599716 0.599716 0.799622 0.699661 0.799622 0.999527 
0.199905 0.199905 0.29985 0.599716 0.899567 1.29939 1.39934 1.29939 0.999527 0.899567 1.19943 
0.29985 0.29985 0.499756 0.899567 1.4993 1.59924 1.6992 1.4993 1.19943 0.999527 1.19943 
0.399811 0.499756 0.699661 1.09947 1.4993 1.59924 1.6992 1.59924 1.29939 0.999527 1.09947 
0.399811 0.29985 0.499756 0.999527 1.39934 1.59924 1.6992 1.4993 1.29939 1.09947 1.09947 
0.199905 0.0999451 0.0999451 0.29985 0.699661 1.19943 1.19943 1.19943 0.899567 0.999527 1.29939 
0.199905 0.199905 0.199905 0.199905 0.0999451 0.499756 0.699661 0.699661 0.899567 1.29939 1.4993 
0.0999451 0.0999451 0.199905 0.199905 0.199905 0.399811 0.499756 0.799622 1.09947 1.19943 1.39934 
0 0 0 0 0 0 0 0 0 0 0 
1 1 1 1 1 1 1 1 1 1 1 
1 1 1 1 1 1 1 1 1 1 1 
1 1 1 1 1 1 1 1 1 1 1 
1 1 1 1 1 1 1 1 1 1 1 
1 1 1 1 1 1 1 1 1 1 1 
1 1 1 1 1 1 1 1 1 1 1 
1 1 1 1 1 1 1 1 1 1 1 
1 1 1 1 1 1 1 1 1 1 1 
1 1 1 1 1 1 1 1 1 1 1 
1 1 1 1 1 1 1 1 1 1 1 
0 0 0 0 0 0 0 0 0 0 0 
