FR0
11 11
0.299774 0.299774 0.399689 0.399689 0.199844 0.199844 0.299774 0.299774 0.199844 0.0999298 0 
0.499603 0.399689 0.299774 0.399689 0.499603 0.499603 0.499603 0.499603 0.399689 0.199844 0.199844 
0.499603 0.499603 0.399689 0.499603 0.699448 0.799377 0.699448 0.699448 0.499603 0.399689 0.399689 
0.599533 0.499603 0.599533 0.799377 1.09914 1.19907 1.09914 0.999222 0.699448 0.599533 0.499603 
0.499603 0.399689 0.699448 1.09914 1.49883 1.49883 1.3989 1.19907 0.899292 0.599533 0.599533 
0.399689 0.399689 0.799377 1.29898 1.60873 1.49883 1.49883 1.3989 1.09914 0.799377 0.799377 
0.499603 0.599533 0.699448 1.19907 1.60873 1.49883 1.49883 1.29898 1.09914 0.899292 0.899292 
0.399689 0.499603 0.699448 1.09914 1.3989 1.60873 1.60873 1.3989 0.899292 0.899292 0.999222 
0.499603 0.599533 0.599533 0.799377 0.899292 1.09914 1.19907 1.19907 0.799377 0.999222 0.999222 
0.599533 0.499603 0.499603 0.799377 0.799377 0.899292 0.899292 0.899292 0.899292 1.09914 0.999222 
0.499603 0.499603 0.699448 0.799377 0.799377 0.799377 0.899292 0.999222 0.999222 1.09914 1.09914 
1 1 1 1 1 1 1 1 1 1 1 
1 1 1 1 1 1 1 1 1 1 1 
1 1 1 1 1 1 1 1 1 1 1 
1 1 1 1 1 1 1 1 1 1 1 
1 1 1 1 1 1 1 1 1 1 1 
1 1 1 1 1 1 1 1 1 1 1 
1 1 1 1 1 1 1 1 1 1 1 
1 1 1 1 1 1 1 1 1 1 1 
1 1 1 1 1 1 1 1 1 1 1 
1 1 1 1 1 1 1 1 1 1 1 
1 1 1 1 1 1 1 1 1 1 1 
