FR15
13 13
0 0 0 0 0 0 0 0 0 0 0 0 0 
0.499786 0.499786 0.499786 0.599731 0.599731 0.699692 0.799652 1.09952 1.09952 1.29942 1.09952 1.19948 0 
0.499786 0.599731 0.399826 0.499786 0.499786 0.599731 0.699692 0.799652 1.09952 1.19948 1.19948 1.39938 0 
0.599731 0.499786 0.499786 0.499786 0.799652 0.899612 0.699692 0.799652 0.899612 1.19948 1.29942 1.39938 0 
0.599731 0.499786 0.499786 0.899612 1.39938 1.49934 1.29942 1.19948 1.09952 1.29942 1.39938 1.49934 0 
0.599731 0.499786 0.499786 1.09952 1.89917 1.69925 1.5993 1.49934 1.09952 1.19948 1.39938 1.49934 0 
0.699692 0.499786 0.399826 0.999557 1.5993 1.5993 1.69925 1.29942 0.899612 1.19948 1.39938 1.49934 0 
0.499786 0.499786 0.399826 0.599731 1.39938 1.5993 1.69925 1.09952 0.799652 1.09952 1.29942 1.49934 0 
0.599731 0.599731 0.499786 0.399826 0.699692 0.999557 0.899612 0.799652 0.899612 1.19948 1.29942 1.49934 0 
0.399826 0.499786 0.399826 0.499786 0.599731 0.599731 0.599731 0.699692 1.19948 1.29942 1.39938 1.49934 0 
0.199921 0.299866 0.299866 0.499786 0.599731 0.699692 0.799652 0.999557 1.19948 1.29942 1.39938 1.39938 0 
0 0.0999603 0.199921 0.399826 0.499786 0.699692 0.799652 0.999557 1.09952 1.19948 1.29942 1.5993 0 
0 0 0 0 0 0 0 0 0 0 0 0 0 
0 0 0 0 0 0 0 0 0 0 0 0 0 
1 1 1 1 1 1 1 1 1 1 1 1 0 
1 1 1 1 1 1 1 1 1 1 1 1 0 
1 1 1 1 1 1 1 1 1 1 1 1 0 
1 1 1 1 1 1 1 1 1 1 1 1 0 
1 1 1 1 1 1 1 1 1 1 1 1 0 
1 1 1 1 1 1 1 1 1 1 1 1 0 
1 1 1 1 1 1 1 1 1 1 1 1 0 
1 1 1 1 1 1 1 1 1 1 1 1 0 
1 1 1 1 1 1 1 1 1 1 1 1 0 
1 1 1 1 1 1 1 1 1 1 1 1 0 
1 1 1 1 1 1 1 1 1 1 1 1 0 
0 0 0 0 0 0 0 0 0 0 0 0 0 
