FR19
15 15
0.599731 0.599731 0.599731 0.499786 0.399826 0.299866 0.399826 0.399826 0.399826 0.299866 0.299866 0.299866 0.299866 0.299866 0.199905 
0.599731 0.499786 0.499786 0.399826 0.299866 0.199905 0.299866 0.399826 0.299866 0.399826 0.299866 0.299866 0.299866 0.299866 0.199905 
0.699692 0.599731 0.399826 0.299866 0.199905 0.0999603 0.299866 0.299866 0.299866 0.299866 0.199905 0.199905 0.299866 0.299866 0.299866 
0.699692 0.699692 0.599731 0.299866 0.399826 0.499786 0.499786 0.199905 0.0999603 0.0999603 0.199905 0.0999603 0.299866 0.199905 0.299866 
0.599731 0.599731 0.499786 0.499786 0.799652 1.09952 1.09952 0.799652 0.399826 0.0999603 0.0999603 0.199905 0.199905 0.199905 0.199905 
0.699692 0.499786 0.399826 0.699692 1.19948 1.39938 1.39938 1.29942 0.799652 0.299866 0.0999603 0.399826 0.399826 0.199905 0.0999603 
0.699692 0.499786 0.499786 0.899597 1.19948 1.39938 1.39938 1.29942 0.899597 0.399826 0 0.299866 0.399826 0.399826 0.299866 
0.699692 0.499786 0.499786 0.699692 1.09952 1.29942 1.19948 0.999557 0.799652 0.199905 0.0999603 0.199905 0.399826 0.599731 0.599731 
0.699692 0.499786 0.399826 0.399826 0.799652 0.799652 0.899597 0.699692 0.499786 0.0999603 0 0.0999603 0.299866 0.499786 0.599731 
0.799652 0.799652 0.499786 0.399826 0.399826 0.199905 0.399826 0.299866 0.299866 0.299866 0.199905 0.0999603 0.199905 0.299866 0.499786 
0.899597 0.899597 0.799652 0.599731 0.599731 0.499786 0.399826 0.499786 0.499786 0.399826 0.199905 0.0999603 0.199905 0.299866 0.399826 
0.799652 0.899597 0.799652 0.799652 0.699692 0.599731 0.599731 0.699692 0.599731 0.499786 0.499786 0.299866 0.299866 0.199905 0.199905 
0.699692 0.799652 0.699692 0.599731 0.699692 0.599731 0.599731 0.699692 0.699692 0.599731 0.499786 0.499786 0.299866 0.0999603 0.299866 
0.799652 0.799652 0.799652 0.699692 0.699692 0.599731 0.599731 0.599731 0.599731 0.599731 0.499786 0.499786 0.299866 0.399826 0.299866 
0 0 0 0 0 0 0 0 0 0 0 0 0 0 0 
1 1 1 1 1 1 1 1 1 1 1 1 1 1 1 
1 1 1 1 1 1 1 1 1 1 1 1 1 1 1 
1 1 1 1 1 1 1 1 1 1 1 1 1 1 1 
1 1 1 1 1 1 1 1 1 1 1 1 1 1 1 
1 1 1 1 1 1 1 1 1 1 1 1 1 1 1 
1 1 1 1 1 1 1 1 1 1 1 1 1 1 1 
1 1 1 1 1 1 1 1 1 1 1 1 1 1 1 
1 1 1 1 1 1 1 1 1 1 1 1 1 1 1 
1 1 1 1 1 1 1 1 1 1 1 1 1 1 1 
1 1 1 1 1 1 1 1 1 1 1 1 1 1 1 
1 1 1 1 1 1 1 1 1 1 1 1 1 1 1 
1 1 1 1 1 1 1 1 1 1 1 1 1 1 1 
1 1 1 1 1 1 1 1 1 1 1 1 1 1 1 
1 1 1 1 1 1 1 1 1 1 1 1 1 1 1 
0 0 0 0 0 0 0 0 0 0 0 0 0 0 0 
