FR5
11 11
0.299774 0.399689 0.299774 0.199844 0.199844 0.199844 0.199844 0.299774 0.399689 0.299774 0.199844 
0.299774 0.399689 0.299774 0.0999298 0.0999298 0 0.0999298 0.299774 0.299774 0.299774 0.199844 
0.299774 0.299774 0.299774 0.199844 0 0.0999298 0.0999298 0.0999298 0.299774 0.299774 0.199844 
0.299774 0.399689 0.399689 0.299774 0.499619 0.599533 0.399689 0.399689 0.199844 0.299774 0.299774 
0.399689 0.299774 0.399689 0.499619 0.799377 0.999222 0.999222 0.699463 0.299774 0.0999298 0.199844 
0.399689 0.399689 0.399689 0.599533 0.999222 0.999222 0.899307 0.599533 0.199844 0.0999298 0.199844 
0.399689 0.399689 0.399689 0.499619 0.799377 0.899307 0.899307 0.299774 0 0.199844 0.199844 
0.399689 0.299774 0.299774 0.0999298 0.299774 0.499619 0.499619 0.0999298 0.199844 0.299774 0.299774 
0.399689 0.499619 0.299774 0.199844 0.0999298 0 0 0.399689 0.399689 0.399689 0.399689 
0.299774 0.399689 0.399689 0.399689 0.299774 0.299774 0.299774 0.399689 0.499619 0.399689 0.399689 
0.199844 0.299774 0.399689 0.399689 0.399689 0.499619 0.599533 0.499619 0.499619 0.599533 0.499619 
1 1 1 1 1 1 1 1 1 1 1 
1 1 1 1 1 1 1 1 1 1 1 
1 1 1 1 1 1 1 1 1 1 1 
1 1 1 1 1 1 1 1 1 1 1 
1 1 1 1 1 1 1 1 1 1 1 
1 1 1 1 1 1 1 1 1 1 1 
1 1 1 1 1 1 1 1 1 1 1 
1 1 1 1 1 1 1 1 1 1 1 
1 1 1 1 1 1 1 1 1 1 1 
1 1 1 1 1 1 1 1 1 1 1 
1 1 1 1 1 1 1 1 1 1 1 
