FR1
15 15
0 0.399658 0.199829 0.199829 0.199829 0.199829 0.0999146 0.199829 0.399658 0.399658 0.399658 0.399658 0.503769 0.403824 0 
0 0.299744 0.299744 0.199829 0 0.0999146 0.0999146 0.0999146 0.199829 0.0999146 0.399658 0.399658 0.403824 0.403824 0 
0 0.199829 0.199829 0.0999146 0.0999146 0.199829 0.399658 0.499557 0.399658 0.299744 0.199829 0.199829 0.403824 0.503769 0 
0 0.199829 0 0.0999146 0.499557 0.599472 0.899216 0.899216 0.699387 0.499557 0.199829 0.199829 0.403824 0.503769 0 
0 0.199829 0.0999146 0.199829 0.699387 0.899216 0.999115 1.20894 0.999115 0.799301 0.499557 0 0.303879 0.503769 0 
0 0.199829 0.0999146 0.399658 0.899216 0.999115 0.999115 0.999115 0.999115 0.899216 0.599472 0.299744 0.303879 0.503769 0 
0 0.199829 0 0.399658 0.899216 1.20894 1.09903 0.999115 0.999115 1.09903 0.599472 0.199829 0.303879 0.403824 0 
0 0.0999146 0 0.199829 0.799301 1.09903 0.999115 0.899216 0.799301 0.999115 0.499557 0.199829 0.303879 0.403824 0 
0 0.0999146 0 0.199829 0.399658 0.799301 0.699387 0.699387 0.699387 0.599472 0.399658 0.199829 0.303879 0.503769 0 
0 0.0999146 0.199829 0 0 0.199829 0.399658 0.499557 0.499557 0.299744 0.199829 0.199829 0.403824 0.603729 0 
0 0.199829 0.299744 0.199829 0 0 0.0999146 0.0999146 0.0999146 0.0999146 0.299744 0.399658 0.503769 0.703674 0 
0 0.299744 0.399658 0.199829 0.299744 0.299744 0.199829 0.0999146 0.199829 0.299744 0.499557 0.599472 0.503769 0.603729 0 
0 0.299744 0.399658 0.399658 0.399658 0.399658 0.299744 0.299744 0.299744 0.499557 0.499557 0.399658 0.503769 0.603729 0 
0 0.299744 0.399658 0.299744 0.399658 0.399658 0.299744 0.399658 0.299744 0.399658 0.399658 0.399658 0.703674 0.803619 0 
0 0 0 0 0 0 0 0 0 0 0 0 0 0 0 
0 1 1 1 1 1 1 1 1 1 1 1 1 1 0 
0 1 1 1 1 1 1 1 1 1 1 1 1 1 0 
0 1 1 1 1 1 1 1 1 1 1 1 1 1 0 
0 1 1 1 1 1 1 1 1 1 1 1 1 1 0 
0 1 1 1 1 1 1 1 1 1 1 1 1 1 0 
0 1 1 1 1 1 1 1 1 1 1 1 1 1 0 
0 1 1 1 1 1 1 1 1 1 1 1 1 1 0 
0 1 1 1 1 1 1 1 1 1 1 1 1 1 0 
0 1 1 1 1 1 1 1 1 1 1 1 1 1 0 
0 1 1 1 1 1 1 1 1 1 1 1 1 1 0 
0 1 1 1 1 1 1 1 1 1 1 1 1 1 0 
0 1 1 1 1 1 1 1 1 1 1 1 1 1 0 
0 1 1 1 1 1 1 1 1 1 1 1 1 1 0 
0 1 1 1 1 1 1 1 1 1 1 1 1 1 0 
0 0 0 0 0 0 0 0 0 0 0 0 0 0 0 
