FR12
9 9
0.499435 0.499435 0.399551 0.29966 0.29966 0.29966 0.399551 0.29966 0.29966 
0.399551 0.29966 0.399551 0.699211 0.799103 0.599327 0.399551 0.29966 0.29966 
0.399551 0.29966 0.599327 0.998878 1.09876 0.998878 0.799103 0.399551 0.29966 
0.29966 0.199776 0.699211 1.09876 1.29854 1.29854 0.699211 0.199776 0.29966 
0.29966 0.199776 0.599327 1.09876 1.49831 0.998878 0.399551 0.199776 0.199776 
0.399551 0.29966 0.199776 0.499435 0.799103 0.599327 0.29966 0.199776 0.199776 
0.399551 0.29966 0.099884 0 0 0 0.199776 0.099884 0.199776 
0.499435 0.399551 0.199776 0.099884 0.099884 0.199776 0.199776 0.099884 0.29966 
0 0 0 0 0 0 0 0 0 
1 1 1 1 1 1 1 1 1 
1 1 1 1 1 1 1 1 1 
1 1 1 1 1 1 1 1 1 
1 1 1 1 1 1 1 1 1 
1 1 1 1 1 1 1 1 1 
1 1 1 1 1 1 1 1 1 
1 1 1 1 1 1 1 1 1 
1 1 1 1 1 1 1 1 1 
0 0 0 0 0 0 0 0 0 
