FR23
11 11
0 0 0 0 0 0 0 0 0 0 0 
0.299896 0.299896 0.299896 0.0999756 0.199936 0.199936 0.399857 0.399857 0.399857 0.599777 0 
0.399857 0.0999756 0 0.0999756 0.199936 0.399857 0.399857 0.399857 0.399857 0.499817 0 
0.199936 0.0999756 0.0999756 0.299896 0.599777 0.699738 0.599777 0.399857 0.299896 0.399857 0 
0.299896 0.199936 0.299896 0.699738 0.799698 0.799698 0.699738 0.599777 0.299896 0.299896 0 
0.299896 0.299896 0.399857 0.799698 0.899658 0.699738 0.599777 0.399857 0.199936 0.199936 0 
0.299896 0.0999756 0 0.599777 0.699738 0.699738 0.699738 0.599777 0.199936 0.0999756 0 
0.199936 0.0999756 0 0.299896 0.399857 0.499817 0.299896 0.499817 0.399857 0.299896 0 
0.0999756 0 0 0 0.0999756 0.199936 0.199936 0.299896 0.299896 0.299896 0 
0 0.0999756 0 0 0 0 0.199936 0.299896 0.399857 0.199936 0 
0 0 0 0 0 0 0 0 0 0 0 
0 0 0 0 0 0 0 0 0 0 0 
1 1 1 1 1 1 1 1 1 1 0 
1 1 1 1 1 1 1 1 1 1 0 
1 1 1 1 1 1 1 1 1 1 0 
1 1 1 1 1 1 1 1 1 1 0 
1 1 1 1 1 1 1 1 1 1 0 
1 1 1 1 1 1 1 1 1 1 0 
1 1 1 1 1 1 1 1 1 1 0 
1 1 1 1 1 1 1 1 1 1 0 
1 1 1 1 1 1 1 1 1 1 0 
0 0 0 0 0 0 0 0 0 0 0 
