FR37
9 9
0.199829 0.199829 0.0999146 0.0999146 0.0999146 0 0.0999146 0.299759 0.199829 
0.199829 0.0999146 0 0.199829 0.299759 0.299759 0.399673 0.0999146 0.0999146 
0.399673 0.199829 0.199829 0.499588 0.699417 0.699417 0.599503 0.0999146 0.199829 
0.499588 0.299759 0.399673 0.799347 1.39885 1.39885 0.899261 0.499588 0.299759 
0.599503 0.199829 0.499588 1.09909 1.59869 1.59869 0.899261 0.399673 0.299759 
0.699417 0.299759 0.299759 0.799347 1.19902 1.09909 0.799347 0.299759 0.399673 
0.599503 0.499588 0.299759 0.299759 0.599503 0.399673 0.199829 0.199829 0.499588 
0.599503 0.499588 0.399673 0.399673 0.299759 0.299759 0.0999146 0.399673 0.499588 
0.599503 0.599503 0.599503 0.499588 0.499588 0.499588 0.399673 0.499588 0.599503 
1 1 1 1 1 1 1 1 1 
1 1 1 1 1 1 1 1 1 
1 1 1 1 1 1 1 1 1 
1 1 1 1 1 1 1 1 1 
1 1 1 1 1 1 1 1 1 
1 1 1 1 1 1 1 1 1 
1 1 1 1 1 1 1 1 1 
1 1 1 1 1 1 1 1 1 
1 1 1 1 1 1 1 1 1 
