FR40
11 11
0.699463 0.699463 0.799377 0.699463 0.799377 0.799377 0.799377 0.699463 0.899307 0.999237 0 
0.599533 0.599533 0.599533 0.699463 0.699463 0.699463 0.799377 0.799377 0.799377 0.799377 0 
0.599533 0.499619 0.599533 0.699463 0.799377 0.899307 0.899307 0.799377 0.699463 0.799377 0 
0.499619 0.599533 0.599533 0.899307 1.09915 1.09915 0.999237 0.799377 0.599533 0.599533 0 
0.399689 0.499619 0.799377 1.09915 1.19908 1.299 1.299 0.799377 0.399689 0.399689 0 
0.399689 0.499619 0.699463 0.999237 1.09915 1.19908 1.09915 0.599533 0.199844 0.299759 0 
0.199844 0.199844 0.599533 0.899307 1.09915 0.999237 0.799377 0.299759 0.0999146 0.299759 0 
0.199844 0.199844 0.499619 0.799377 0.899307 0.799377 0.499619 0.0999146 0 0.399689 0 
0.0999146 0.299759 0.399689 0.499619 0.699463 0.599533 0.399689 0.199844 0.199844 0.399689 0 
0.199844 0.299759 0.399689 0.399689 0.499619 0.499619 0.399689 0.299759 0.299759 0.499619 0 
0.299759 0.399689 0.399689 0.399689 0.399689 0.399689 0.299759 0.199844 0.199844 0.399689 0 
1 1 1 1 1 1 1 1 1 1 0 
1 1 1 1 1 1 1 1 1 1 0 
1 1 1 1 1 1 1 1 1 1 0 
1 1 1 1 1 1 1 1 1 1 0 
1 1 1 1 1 1 1 1 1 1 0 
1 1 1 1 1 1 1 1 1 1 0 
1 1 1 1 1 1 1 1 1 1 0 
1 1 1 1 1 1 1 1 1 1 0 
1 1 1 1 1 1 1 1 1 1 0 
1 1 1 1 1 1 1 1 1 1 0 
1 1 1 1 1 1 1 1 1 1 0 
