FR44
9 9
0 0.199905 0.299866 0.299866 0.499786 0.499786 0.699707 0.799667 0 
0.0999603 0.299866 0.399826 0.399826 0.699707 0.699707 0.899628 0.899628 0 
0.299866 0.299866 0.299866 0.799667 1.09955 1.09955 0.899628 0.799667 0 
0.399826 0.299866 0.699707 1.09955 1.29945 1.59933 0.999588 0.599747 0 
0.199905 0.0999603 0.599747 1.49937 1.59933 1.6993 0.899628 0.599747 0 
0.299866 0.399826 0.299866 1.09955 1.49937 0.899628 0.399826 0.599747 0 
0.199905 0.399826 0.499786 0.399826 0.599747 0.399826 0.499786 0.699707 0 
0 0.399826 0.499786 0.399826 0.399826 0.499786 0.499786 0.499786 0 
0 0 0 0 0 0 0 0 0 
1 1 1 1 1 1 1 1 0 
1 1 1 1 1 1 1 1 0 
1 1 1 1 1 1 1 1 0 
1 1 1 1 1 1 1 1 0 
1 1 1 1 1 1 1 1 0 
1 1 1 1 1 1 1 1 0 
1 1 1 1 1 1 1 1 0 
1 1 1 1 1 1 1 1 0 
0 0 0 0 0 0 0 0 0 
