FR47
9 9
0.499695 0.69957 0.599625 0.599625 0.499695 0.39975 0.299805 0.199875 0 
0.499695 0.599625 0.499695 0.599625 0.39975 0.39975 0.299805 0.299805 0 
0.499695 0.599625 0.69957 0.7995 0.69957 0.499695 0.299805 0.299805 0 
0.39975 0.599625 0.999374 1.29919 1.29919 0.599625 0.199875 0.199875 0 
0.299805 0.599625 0.999374 1.19926 1.29919 0.69957 0.299805 0.299805 0 
0.0999298 0.39975 0.7995 1.29919 1.09932 0.499695 0.299805 0.199875 0 
0 0.299805 0.599625 0.499695 0.299805 0.299805 0.299805 0.39975 0 
0 0.0999298 0.299805 0.299805 0.299805 0.299805 0.299805 0.299805 0 
0 0 0 0 0 0 0 0 0 
1 1 1 1 1 1 1 1 0 
1 1 1 1 1 1 1 1 0 
1 1 1 1 1 1 1 1 0 
1 1 1 1 1 1 1 1 0 
1 1 1 1 1 1 1 1 0 
1 1 1 1 1 1 1 1 0 
1 1 1 1 1 1 1 1 0 
1 1 1 1 1 1 1 1 0 
0 0 0 0 0 0 0 0 0 
