FR48
13 13
0 0 0 0 0 0 0 0 0 0 0 0 0 
0.499268 0.399414 0.399414 0.399414 0.399414 0.399414 0.499268 0.499268 0.299561 0.399414 0.399414 0.399414 0.399414 
0.599121 0.499268 0.499268 0.399414 0.399414 0.499268 0.599121 0.499268 0.399414 0.399414 0.499268 0.499268 0.399414 
0.698975 0.599121 0.499268 0.199707 0.499268 0.599121 0.698975 0.798828 0.599121 0.499268 0.399414 0.499268 0.399414 
0.599121 0.698975 0.499268 0.698975 0.898682 0.998535 0.898682 0.998535 0.898682 0.0998535 0.299561 0.299561 0.399414 
0.499268 0.399414 0.499268 1.09839 1.2981 1.2981 1.39795 1.19824 0.898682 0.0998535 0 0.299561 0.499268 
0.499268 0.399414 0.299561 0.798828 1.19824 1.39795 1.39795 1.39795 1.09839 0.499268 0 0.299561 0.599121 
0.499268 0.399414 0.0998535 0.599121 0.998535 1.2981 1.39795 1.39795 1.09839 0.599121 0.0998535 0.299561 0.499268 
0.399414 0.499268 0.199707 0.299561 0.698975 1.09839 1.19824 1.09839 0.698975 0.299561 0.0998535 0.299561 0.599121 
0.499268 0.599121 0.599121 0.199707 0.399414 0.798828 0.798828 0.599121 0.299561 0.199707 0.199707 0.499268 0.399414 
0.599121 0.599121 0.599121 0.599121 0.199707 0.299561 0.299561 0.299561 0.0998535 0.299561 0.499268 0.599121 0.499268 
0.599121 0.599121 0.499268 0.499268 0.399414 0.299561 0.299561 0.199707 0.299561 0.399414 0.698975 0.599121 0.599121 
0 0 0 0 0 0 0 0 0 0 0 0 0 
0 0 0 0 0 0 0 0 0 0 0 0 0 
1 1 1 1 1 1 1 1 1 1 1 1 1 
1 1 1 1 1 1 1 1 1 1 1 1 1 
1 1 1 1 1 1 1 1 1 1 1 1 1 
1 1 1 1 1 1 1 1 1 1 1 1 1 
1 1 1 1 1 1 1 1 1 1 1 1 1 
1 1 1 1 1 1 1 1 1 1 1 1 1 
1 1 1 1 1 1 1 1 1 1 1 1 1 
1 1 1 1 1 1 1 1 1 1 1 1 1 
1 1 1 1 1 1 1 1 1 1 1 1 1 
1 1 1 1 1 1 1 1 1 1 1 1 1 
1 1 1 1 1 1 1 1 1 1 1 1 1 
0 0 0 0 0 0 0 0 0 0 0 0 0 
