FR5
15 15
0.399704 0.19986 0.0999298 0.299789 0.399704 0.19986 0.0999298 0.0999298 0.0999298 0.19986 0.0999298 0.19986 0 0.19986 0 
0.699493 0.499634 0.19986 0.299789 0.299789 0.399704 0.399704 0.399704 0.299789 0.0999298 0.19986 0.19986 0.299789 0.599564 0 
0.699493 0.599564 0.499634 0.499634 0.599564 0.899338 0.899338 0.899338 0.799408 0.499634 0.299789 0.299789 0.499634 0.799408 0 
0.799408 0.499634 0.599564 0.799408 0.899338 1.39897 1.4989 1.39897 1.39897 0.999268 0.699493 0.299789 0.399704 0.599564 0 
0.799408 0.599564 0.699493 1.0992 1.59882 1.89861 2.09845 1.99852 1.79868 1.4989 1.19911 0.599564 0.399704 0.299789 0 
0.699493 0.799408 1.0992 1.59882 2.29831 2.39822 2.39822 2.39822 2.09845 1.89861 1.39897 0.799408 0.299789 0.299789 0 
0.699493 0.899338 1.0992 1.69875 2.39822 2.49815 2.39822 2.29831 2.29831 2.09845 1.59882 0.999268 0.499634 0.499634 0 
0.699493 0.699493 1.0992 1.69875 2.29831 2.29831 2.29831 2.29831 2.39822 2.19838 1.4989 0.799408 0.499634 0.599564 0 
0.799408 0.699493 0.899338 1.4989 1.99852 2.29831 2.29831 2.49815 2.29831 1.89861 1.29904 0.699493 0.399704 0.599564 0 
0.699493 0.699493 0.699493 1.29904 1.69875 1.89861 2.19838 2.19838 1.79868 1.4989 1.0992 0.499634 0.499634 0.799408 0 
0.799408 0.699493 0.799408 0.999268 1.19911 1.39897 1.69875 1.79868 1.39897 0.999268 0.699493 0.399704 0.599564 0.699493 0 
0.899338 0.799408 0.699493 0.699493 0.799408 1.0992 1.19911 1.0992 0.699493 0.499634 0.399704 0.499634 0.599564 0.699493 0 
0.899338 0.799408 0.799408 0.799408 0.799408 0.799408 0.999268 0.799408 0.599564 0.599564 0.499634 0.699493 0.899338 0.899338 0 
0.899338 0.899338 0.899338 0.799408 0.799408 0.699493 0.899338 0.799408 0.799408 0.799408 0.899338 0.899338 0.799408 0.699493 0 
0 0 0 0 0 0 0 0 0 0 0 0 0 0 0 
1 1 1 1 1 1 1 1 1 1 1 1 1 1 0 
1 1 1 1 1 1 1 1 1 1 1 1 1 1 0 
1 1 1 1 1 1 1 1 1 1 1 1 1 1 0 
1 1 1 1 1 1 1 1 1 1 1 1 1 1 0 
1 1 1 1 1 1 1 1 1 1 1 1 1 1 0 
1 1 1 1 1 1 1 1 1 1 1 1 1 1 0 
1 1 1 1 1 1 1 1 1 1 1 1 1 1 0 
1 1 1 1 1 1 1 1 1 1 1 1 1 1 0 
1 1 1 1 1 1 1 1 1 1 1 1 1 1 0 
1 1 1 1 1 1 1 1 1 1 1 1 1 1 0 
1 1 1 1 1 1 1 1 1 1 1 1 1 1 0 
1 1 1 1 1 1 1 1 1 1 1 1 1 1 0 
1 1 1 1 1 1 1 1 1 1 1 1 1 1 0 
1 1 1 1 1 1 1 1 1 1 1 1 1 1 0 
0 0 0 0 0 0 0 0 0 0 0 0 0 0 0 
