FR50
9 9
0 0.699722 0.599762 0.399841 0.399841 0.299881 0.0999603 0 0 
0 0.799683 0.599762 0.699722 0.699722 0.699722 0.299881 0.0999603 0 
0 0.799683 0.999619 1.19954 1.19954 0.999619 0.499802 0.0999603 0 
0 0.899643 1.09958 1.39946 1.49942 1.2995 0.599762 0.399841 0 
0 0.899643 0.899643 1.2995 1.2995 1.09958 0.499802 0.399841 0 
0 0.799683 0.499802 0.599762 0.599762 0.599762 0.399841 0.399841 0 
0 0.499802 0.399841 0.199921 0.199921 0.199921 0.299881 0.199921 0 
0 0.299881 0.199921 0.0999603 0.199921 0.0999603 0 0 0 
0 0 0 0 0 0 0 0 0 
0 1 1 1 1 1 1 1 0 
0 1 1 1 1 1 1 1 0 
0 1 1 1 1 1 1 1 0 
0 1 1 1 1 1 1 1 0 
0 1 1 1 1 1 1 1 0 
0 1 1 1 1 1 1 1 0 
0 1 1 1 1 1 1 1 0 
0 1 1 1 1 1 1 1 0 
0 0 0 0 0 0 0 0 0 
