FR7
11 11
0 0 0 0 0 0 0 0 0 0 0 
0.699646 0.599701 0.599701 0.499756 0.499756 0.499756 0.499756 0.29985 0.29985 0.199905 0 
0.599701 0.699646 0.699646 0.799606 0.599701 0.599701 0.399796 0.29985 0.29985 0.29985 0 
0.699646 0.699646 0.799606 0.899551 0.999496 0.899551 0.699646 0.399796 0.199905 0.0999451 0 
0.699646 0.699646 0.799606 0.899551 1.09946 1.29936 0.999496 0.599701 0.0999451 0 0 
0.599701 0.599701 0.699646 0.799606 1.09946 1.39931 1.29936 0.799606 0.199905 0.0999451 0 
0.599701 0.499756 0.599701 0.799606 0.999496 1.1994 1.1994 0.799606 0 0.0999451 0 
0.499756 0.399796 0.499756 0.699646 0.899551 0.899551 0.999496 0.799606 0.199905 0 0 
0.699646 0.399796 0.399796 0.499756 0.599701 0.499756 0.399796 0.399796 0 0 0 
0.699646 0.499756 0.199905 0.29985 0.29985 0.29985 0.29985 0.199905 0.199905 0.399796 0 
0 0 0 0 0 0 0 0 0 0 0 
0 0 0 0 0 0 0 0 0 0 0 
1 1 1 1 1 1 1 1 1 1 0 
1 1 1 1 1 1 1 1 1 1 0 
1 1 1 1 1 1 1 1 1 1 0 
1 1 1 1 1 1 1 1 1 1 0 
1 1 1 1 1 1 1 1 1 1 0 
1 1 1 1 1 1 1 1 1 1 0 
1 1 1 1 1 1 1 1 1 1 0 
1 1 1 1 1 1 1 1 1 1 0 
1 1 1 1 1 1 1 1 1 1 0 
0 0 0 0 0 0 0 0 0 0 0 
