FR71
15 15
0.39978 0.299835 0.299835 0.499725 0.299835 0.19989 0.0999451 0.0999451 0.19989 0.299835 0.39978 0.39978 0.299835 0.19989 0 
0.299835 0.299835 0.39978 0.499725 0.499725 0.499725 0.499725 0.39978 0.39978 0.19989 0.499725 0.299835 0.19989 0.299835 0 
0.39978 0.299835 0.299835 0.499725 0.699615 0.899506 0.999451 0.899506 0.699615 0.59967 0.499725 0.39978 0.19989 0.19989 0 
0.39978 0.299835 0.299835 0.699615 0.899506 1.19936 1.39925 1.39925 1.19936 0.899506 0.499725 0.299835 0.19989 0.19989 0 
0.39978 0.39978 0.39978 0.799561 1.09941 1.59914 1.79903 1.89897 1.69908 1.19936 0.799561 0.499725 0.39978 0.299835 0 
0.499725 0.59967 0.899506 1.49919 1.49919 1.59914 1.59914 1.69908 1.69908 1.59914 1.09941 0.499725 0.299835 0.39978 0 
0.499725 0.499725 0.999451 1.49919 1.69908 1.69908 1.89897 1.69908 1.59914 1.69908 1.19936 0.59967 0.39978 0.39978 0 
0.499725 0.39978 0.59967 1.2993 1.89897 1.79903 1.79903 1.69908 1.59914 1.59914 1.2993 0.699615 0.39978 0.499725 0 
0.39978 0.39978 0.59967 0.999451 1.49919 1.99892 1.79903 1.59914 1.59914 1.2993 0.899506 0.699615 0.499725 0.499725 0 
0.499725 0.39978 0.39978 0.59967 1.19936 1.69908 1.79903 1.59914 1.69908 1.39925 0.799561 0.499725 0.499725 0.39978 0 
0.39978 0.0999451 0.0999451 0.299835 0.59967 1.19936 1.49919 1.49919 1.49919 1.09941 0.59967 0.39978 0.299835 0.299835 0 
0.299835 0.0999451 0 0.299835 0.299835 0.499725 0.699615 0.899506 0.799561 0.59967 0.39978 0.39978 0.39978 0.499725 0 
0.499725 0.299835 0.19989 0.19989 0.0999451 0.0999451 0.299835 0.39978 0.299835 0.19989 0.19989 0.39978 0.499725 0.699615 0 
0.499725 0.499725 0.499725 0.39978 0.299835 0.299835 0.39978 0.299835 0.299835 0.299835 0.19989 0.499725 0.699615 0.899506 0 
0 0 0 0 0 0 0 0 0 0 0 0 0 0 0 
1 1 1 1 1 1 1 1 1 1 1 1 1 1 0 
1 1 1 1 1 1 1 1 1 1 1 1 1 1 0 
1 1 1 1 1 1 1 1 1 1 1 1 1 1 0 
1 1 1 1 1 1 1 1 1 1 1 1 1 1 0 
1 1 1 1 1 1 1 1 1 1 1 1 1 1 0 
1 1 1 1 1 1 1 1 1 1 1 1 1 1 0 
1 1 1 1 1 1 1 1 1 1 1 1 1 1 0 
1 1 1 1 1 1 1 1 1 1 1 1 1 1 0 
1 1 1 1 1 1 1 1 1 1 1 1 1 1 0 
1 1 1 1 1 1 1 1 1 1 1 1 1 1 0 
1 1 1 1 1 1 1 1 1 1 1 1 1 1 0 
1 1 1 1 1 1 1 1 1 1 1 1 1 1 0 
1 1 1 1 1 1 1 1 1 1 1 1 1 1 0 
1 1 1 1 1 1 1 1 1 1 1 1 1 1 0 
0 0 0 0 0 0 0 0 0 0 0 0 0 0 0 
