FR73
13 13
0 0 0 0 0 0 0 0 0 0 0 0 0 
1.29918 1.19923 1.0993 0.999359 0.799484 0.49968 0.39975 0.299805 0.199875 0.299805 0.39975 0.299805 0 
1.29918 1.0993 0.999359 0.699554 0.49968 0.599625 0.699554 0.39975 0.199875 0.199875 0.299805 0.39975 0 
1.19923 1.0993 0.799484 0.39975 0.799484 0.899429 0.999359 0.699554 0.599625 0.199875 0.199875 0.39975 0 
1.19923 0.899429 0.39975 0.49968 1.0993 1.29918 1.19923 1.0993 0.799484 0.39975 0 0.39975 0 
1.29918 0.799484 0.39975 0.699554 1.19923 1.19923 1.19923 1.29918 0.899429 0.199875 0 0.299805 0 
1.29918 0.899429 0.599625 0.799484 1.0993 1.19923 1.19923 1.29918 0.699554 0.299805 0.0999298 0.39975 0 
1.29918 0.899429 0.599625 0.49968 0.799484 1.0993 1.19923 0.899429 0.39975 0.199875 0.199875 0.49968 0 
1.29918 0.999359 0.49968 0.199875 0.299805 0.599625 0.699554 0.49968 0.299805 0.0999298 0.199875 0.39975 0 
1.29918 1.0993 0.799484 0.49968 0.199875 0.299805 0.199875 0.199875 0.0999298 0.199875 0.299805 0.49968 0 
1.19923 0.899429 0.799484 0.599625 0.49968 0.49968 0.39975 0.39975 0.299805 0.39975 0.49968 0.49968 0 
1.0993 0.999359 0.799484 0.699554 0.599625 0.49968 0.49968 0.49968 0.49968 0.49968 0.49968 0.49968 0 
0 0 0 0 0 0 0 0 0 0 0 0 0 
0 0 0 0 0 0 0 0 0 0 0 0 0 
1 1 1 1 1 1 1 1 1 1 1 1 0 
1 1 1 1 1 1 1 1 1 1 1 1 0 
1 1 1 1 1 1 1 1 1 1 1 1 0 
1 1 1 1 1 1 1 1 1 1 1 1 0 
1 1 1 1 1 1 1 1 1 1 1 1 0 
1 1 1 1 1 1 1 1 1 1 1 1 0 
1 1 1 1 1 1 1 1 1 1 1 1 0 
1 1 1 1 1 1 1 1 1 1 1 1 0 
1 1 1 1 1 1 1 1 1 1 1 1 0 
1 1 1 1 1 1 1 1 1 1 1 1 0 
1 1 1 1 1 1 1 1 1 1 1 1 0 
0 0 0 0 0 0 0 0 0 0 0 0 0 
