FR80
9 9
0.299866 0.299866 0.199905 0.199905 0.0999603 0.199905 0.299866 0.399826 0.299866 
0.199905 0.199905 0.299866 0.499771 0.499771 0.299866 0.0999603 0.199905 0.499771 
0.299866 0.299866 0.499771 0.999557 0.999557 0.699692 0.199905 0.0999603 0.299866 
0 0.299866 0.899597 1.09952 1.29942 1.09952 0.499771 0 0.199905 
0 0.299866 0.999557 1.09952 1.09952 1.19948 0.599731 0.199905 0.299866 
0 0.199905 0.699692 1.09952 1.29942 0.899597 0.499771 0.399826 0.399826 
0.0999603 0.299866 0.399826 0.499771 0.799652 0.499771 0.199905 0.399826 0.599731 
0.199905 0.299866 0.299866 0 0 0.199905 0.0999603 0.399826 0.599731 
0.299866 0.299866 0.299866 0.299866 0.299866 0.499771 0.599731 0.499771 0.399826 
1 1 1 1 1 1 1 1 1 
1 1 1 1 1 1 1 1 1 
1 1 1 1 1 1 1 1 1 
1 1 1 1 1 1 1 1 1 
1 1 1 1 1 1 1 1 1 
1 1 1 1 1 1 1 1 1 
1 1 1 1 1 1 1 1 1 
1 1 1 1 1 1 1 1 1 
1 1 1 1 1 1 1 1 1 
