2FR
9 9
0.0999527 0.0999527 0.299858 0.499771 0.499771 0.499771 0.399811 0.199905 0.199905 
0 0.199905 0.599724 0.899582 0.899582 0.699677 0.399811 0.199905 0.0999527 
0 0.399811 0.799629 0.999535 0.999535 0.899582 0.599724 0.199905 0.0999527 
0.0999527 0.499771 0.899582 0.999535 0.999535 0.899582 0.699677 0.299858 0.199905 
0.0999527 0.499771 0.899582 0.999535 0.999535 0.799629 0.599724 0.299858 0.199905 
0.0999527 0.0999527 0.499771 0.599724 0.599724 0.499771 0.299858 0.199905 0.199905 
0.199905 0.0999527 0.199905 0.199905 0.199905 0.199905 0.199905 0.199905 0.199905 
0.199905 0.199905 0.299858 0.199905 0.0999527 0.0999527 0.199905 0.199905 0.199905 
0 0 0 0 0 0 0 0 0 
1 1 1 1 1 1 1 1 1 
1 1 1 1 1 1 1 1 1 
1 1 1 1 1 1 1 1 1 
1 1 1 1 1 1 1 1 1 
1 1 1 1 1 1 1 1 1 
1 1 1 1 1 1 1 1 1 
1 1 1 1 1 1 1 1 1 
1 1 1 1 1 1 1 1 1 
0 0 0 0 0 0 0 0 0 
