3FR
7 7
0.199905 0 0.199905 0.399811 0.399811 0.299858 0.399811 
0.199905 0.299858 0.499771 0.799629 0.599724 0.499771 0.299858 
0.399811 0.499771 0.799629 0.899582 0.899582 0.599724 0.299858 
0.299858 0.499771 0.899582 0.999535 0.899582 0.599724 0.399811 
0.199905 0.399811 0.699677 0.799629 0.699677 0.399811 0.299858 
0.299858 0.299858 0.299858 0.499771 0.399811 0.199905 0.299858 
0.299858 0.299858 0.199905 0.199905 0.199905 0.299858 0.399811 
1 1 1 1 1 1 1 
1 1 1 1 1 1 1 
1 1 1 1 1 1 1 
1 1 1 1 1 1 1 
1 1 1 1 1 1 1 
1 1 1 1 1 1 1 
1 1 1 1 1 1 1 
