9FR
7 7
0.399506 0.199753 0.299637 0.199753 0.099884 0.099884 0.099884 
0.299637 0.599258 0.699142 0.599258 0.399506 0.099884 0 
0.503494 1.00349 1.00349 0.803497 0.703506 0.303497 0.00349426 
0.703506 1.1035 1.1035 1.00349 0.803497 0.303497 0.1035 
0.6035 0.903503 1.1035 1.1035 0.703506 0.203506 0.1035 
0.6035 0.6035 0.703506 0.703506 0.303497 0.203506 0.203506 
0.703506 0.6035 0.403503 0.403503 0.303497 0.203506 0.303497 
1 1 1 1 1 1 1 
1 1 1 1 1 1 1 
1 1 1 1 1 1 1 
1 1 1 1 1 1 1 
1 1 1 1 1 1 1 
1 1 1 1 1 1 1 
1 1 1 1 1 1 1 
