11FR
13 13
0.399689 0.399689 0.0999298 0 0.199844 0.0999298 0 0.299774 0.399689 0.299774 0.499619 0.499619 0 
0.599533 0.699463 0.399689 0.499619 0.799377 0.999222 0.899307 0.799377 0.499619 0.399689 0.599533 0.699463 0 
0.699463 0.899307 0.999222 1.299 1.59877 1.59877 1.59877 1.39893 1.09915 0.699463 0.599533 0.699463 0 
0.699463 0.899307 1.299 1.69868 1.89853 1.89853 1.99846 1.79861 1.59877 0.999222 0.299774 0.299774 0 
0.399689 0.999222 1.39893 1.59877 1.89853 1.79861 1.89853 1.79861 1.49884 0.999222 0.399689 0.0999298 0 
0.499619 1.09915 1.49884 1.79861 1.89853 1.99846 1.79861 1.69868 1.49884 0.999222 0.499619 0.0999298 0 
0.499619 1.09915 1.69868 1.89853 1.99846 2.1983 2.09837 1.79861 1.49884 0.899307 0.399689 0.0999298 0 
0.499619 1.09915 1.59877 1.79861 2.09837 2.59799 2.1983 1.89853 1.59877 0.899307 0.199844 0.0999298 0 
0.699463 0.899307 1.19908 1.49884 1.69868 1.99846 1.99846 1.79861 1.49884 0.699463 0.0999298 0.299774 0 
0.499619 0.499619 0.799377 1.299 1.59877 1.69868 1.59877 1.39893 0.799377 0.199844 0 0.299774 0 
0.499619 0.299774 0.399689 0.699463 1.09915 0.999222 0.799377 0.599533 0.199844 0.199844 0.299774 0.499619 0 
0.499619 0.499619 0.499619 0.499619 0.199844 0.199844 0.199844 0.199844 0.399689 0.599533 0.599533 0.599533 0 
0 0 0 0 0 0 0 0 0 0 0 0 0 
1 1 1 1 1 1 1 1 1 1 1 1 0 
1 1 1 1 1 1 1 1 1 1 1 1 0 
1 1 1 1 1 1 1 1 1 1 1 1 0 
1 1 1 1 1 1 1 1 1 1 1 1 0 
1 1 1 1 1 1 1 1 1 1 1 1 0 
1 1 1 1 1 1 1 1 1 1 1 1 0 
1 1 1 1 1 1 1 1 1 1 1 1 0 
1 1 1 1 1 1 1 1 1 1 1 1 0 
1 1 1 1 1 1 1 1 1 1 1 1 0 
1 1 1 1 1 1 1 1 1 1 1 1 0 
1 1 1 1 1 1 1 1 1 1 1 1 0 
1 1 1 1 1 1 1 1 1 1 1 1 0 
0 0 0 0 0 0 0 0 0 0 0 0 0 
