12FR
11 11
0.499619 0.199844 0.199844 0 0.0999298 0.0999298 0.199844 0.399704 0.499619 0.499619 0 
0.299774 0.0999298 0.299774 0.499619 0.599548 0.599548 0.399704 0.0999298 0.199844 0.299774 0 
0.399704 0.399704 0.799393 0.999237 1.19908 1.09915 0.699463 0.299774 0.0999298 0.0999298 0 
0.199844 0.699463 1.09915 1.49884 1.49884 1.299 0.999237 0.699463 0.299774 0.299774 0 
0 0.499619 1.19908 1.49884 1.59877 1.39893 1.09915 0.699463 0.199844 0.399704 0 
0 0.299774 0.899307 1.299 1.59877 1.59877 0.999237 0.499619 0.299774 0.299774 0 
0.199844 0 0.599548 0.999237 1.49884 1.59877 1.299 0.399704 0.299774 0.499619 0 
0.299774 0.0999298 0.399704 0.799393 0.899307 0.899307 0.399704 0.199844 0.399704 0.599548 0 
0.399704 0.199844 0.299774 0.299774 0.299774 0 0.0999298 0.199844 0.499619 0.599548 0 
0.499619 0.299774 0.399704 0.399704 0.399704 0.299774 0.399704 0.499619 0.599548 0.699463 0 
0 0 0 0 0 0 0 0 0 0 0 
1 1 1 1 1 1 1 1 1 1 0 
1 1 1 1 1 1 1 1 1 1 0 
1 1 1 1 1 1 1 1 1 1 0 
1 1 1 1 1 1 1 1 1 1 0 
1 1 1 1 1 1 1 1 1 1 0 
1 1 1 1 1 1 1 1 1 1 0 
1 1 1 1 1 1 1 1 1 1 0 
1 1 1 1 1 1 1 1 1 1 0 
1 1 1 1 1 1 1 1 1 1 0 
1 1 1 1 1 1 1 1 1 1 0 
0 0 0 0 0 0 0 0 0 0 0 
