14FR
7 7
0.299744 0.199829 0.0999146 0.199829 0.299744 0.199829 0.0999146 
0.399658 0.399658 0.799316 0.899231 0.799316 0.399658 0.0999146 
0.599487 0.899231 1.39882 1.39882 0.999146 0.599487 0.0999146 
0.499573 1.09908 1.59865 1.39882 1.09908 0.499573 0.0999146 
0.599487 0.899231 1.2989 0.999146 0.899231 0.0999146 0 
0.599487 0.699402 0.699402 0.599487 0.399658 0.199829 0.199829 
0.799316 0.699402 0.699402 0.599487 0.599487 0.499573 0.299744 
1 1 1 1 1 1 1 
1 1 1 1 1 1 1 
1 1 1 1 1 1 1 
1 1 1 1 1 1 1 
1 1 1 1 1 1 1 
1 1 1 1 1 1 1 
1 1 1 1 1 1 1 
