16FR
13 13
0 0 0 0 0 0 0 0 0 0 0 0 0 
0.599548 0.599548 0.499619 0.199844 0.0999298 0.199844 0.299774 0.399689 0.499619 0.499619 0.499619 0.499619 0 
0.599548 0.499619 0.399689 0.299774 0.299774 0.399689 0.599548 0.699463 0.699463 0.499619 0.499619 0.499619 0 
0.499619 0.399689 0.399689 0.499619 0.799393 0.799393 0.899307 0.999237 0.999237 0.499619 0.299774 0.599548 0 
0.499619 0.499619 0.699463 0.899307 1.09917 1.19908 1.09917 0.999237 0.999237 0.299774 0.199844 0.599548 0 
0.499619 0.599548 0.999237 1.29901 1.39893 1.39893 1.39893 1.19908 0.799393 0.299774 0.0999298 0.299774 0 
0.299774 0.599548 1.09917 1.39893 1.39893 1.39893 1.49886 1.29901 0.799393 0.299774 0.199844 0.299774 0 
0.199844 0.599548 0.899307 1.19908 1.19908 1.29901 1.39893 1.19908 0.799393 0.399689 0.299774 0.399689 0 
0.199844 0.499619 0.799393 0.899307 0.999237 1.09917 1.09917 0.899307 0.499619 0.299774 0.399689 0.399689 0 
0.299774 0.499619 0.599548 0.699463 0.799393 0.799393 0.599548 0.499619 0.199844 0.199844 0.299774 0.299774 0 
0.399689 0.299774 0.299774 0.499619 0.499619 0.599548 0.399689 0.199844 0 0.199844 0.199844 0.299774 0 
0.499619 0.499619 0.499619 0.499619 0.499619 0.599548 0.399689 0.199844 0.199844 0.299774 0.399689 0.199844 0 
0 0 0 0 0 0 0 0 0 0 0 0 0 
0 0 0 0 0 0 0 0 0 0 0 0 0 
1 1 1 1 1 1 1 1 1 1 1 1 0 
1 1 1 1 1 1 1 1 1 1 1 1 0 
1 1 1 1 1 1 1 1 1 1 1 1 0 
1 1 1 1 1 1 1 1 1 1 1 1 0 
1 1 1 1 1 1 1 1 1 1 1 1 0 
1 1 1 1 1 1 1 1 1 1 1 1 0 
1 1 1 1 1 1 1 1 1 1 1 1 0 
1 1 1 1 1 1 1 1 1 1 1 1 0 
1 1 1 1 1 1 1 1 1 1 1 1 0 
1 1 1 1 1 1 1 1 1 1 1 1 0 
1 1 1 1 1 1 1 1 1 1 1 1 0 
0 0 0 0 0 0 0 0 0 0 0 0 0 
