FR11
11 11
0 0 0 0 0 0 0 0 0 0 0 
0.399673 0.299744 0.199829 0.299744 0.399673 0.499588 0.499588 0.699417 0.799332 0.899246 0 
0.199829 0.0999146 0.0999146 0.299744 0.499588 0.699417 0.799332 0.699417 0.699417 0.799332 0 
0.199829 0.0999146 0.199829 0.499588 0.899246 0.999161 0.999161 0.799332 0.599503 0.799332 0 
0.199829 0.0999146 0.199829 0.699417 1.19899 1.39883 1.19899 0.899246 0.599503 0.699417 0 
0 0 0.0999146 0.699417 1.2989 1.39883 1.2989 0.499588 0.499588 0.599503 0 
0 0 0.0999146 0.499588 0.799332 0.999161 0.899246 0.299744 0.399673 0.599503 0 
0 0.299744 0.199829 0.0999146 0.399673 0.499588 0.399673 0.299744 0.499588 0.599503 0 
0 0.0999146 0.199829 0.299744 0.299744 0.399673 0.299744 0.499588 0.499588 0.499588 0 
0 0 0 0 0 0 0 0 0 0 0 
0 0 0 0 0 0 0 0 0 0 0 
0 0 0 0 0 0 0 0 0 0 0 
1 1 1 1 1 1 1 1 1 1 0 
1 1 1 1 1 1 1 1 1 1 0 
1 1 1 1 1 1 1 1 1 1 0 
1 1 1 1 1 1 1 1 1 1 0 
1 1 1 1 1 1 1 1 1 1 0 
1 1 1 1 1 1 1 1 1 1 0 
1 1 1 1 1 1 1 1 1 1 0 
1 1 1 1 1 1 1 1 1 1 0 
0 0 0 0 0 0 0 0 0 0 0 
0 0 0 0 0 0 0 0 0 0 0 
