FR13
7 7
0.399841 0.199921 0.0999603 0 0.199921 0.0999603 0 
0.199921 0.0999603 0.599762 0.599762 0.499802 0.0999603 0 
0.199921 0.499802 0.999588 1.09955 0.799667 0.0999603 0.199921 
0.299881 0.699707 1.09955 1.19951 1.19951 0.399841 0 
0.499802 0.699707 1.29947 1.29947 1.29947 0.399841 0.199921 
0.499802 0.599762 0.999588 0.999588 0.999588 0.499802 0.399841 
0.699707 0.599762 0.599762 0.599762 0.499802 0.399841 0.599762 
1 1 1 1 1 1 1 
1 1 1 1 1 1 1 
1 1 1 1 1 1 1 
1 1 1 1 1 1 1 
1 1 1 1 1 1 1 
1 1 1 1 1 1 1 
1 1 1 1 1 1 1 
