FR18
9 9
0.199844 0.199844 0.0999298 0.0999298 0.199844 0.199844 0.0999298 0.199844 0 
0.299774 0.0999298 0.0999298 0.199844 0.499619 0.399689 0.299774 0.299774 0 
0.199844 0 0.0999298 0.699463 0.899307 0.899307 0.399689 0.399689 0 
0.299774 0.199844 0.599533 0.999222 0.999222 0.999222 0.699463 0.199844 0 
0.299774 0.199844 0.399689 0.799377 0.899307 0.899307 0.599533 0.499619 0 
0.299774 0.199844 0.199844 0.499619 0.699463 0.699463 0.299774 0.399689 0 
0.299774 0.199844 0.0999298 0.199844 0.199844 0.199844 0.199844 0.199844 0 
0.199844 0.199844 0.0999298 0 0.0999298 0.0999298 0.199844 0.199844 0 
0 0 0 0 0 0 0 0 0 
1 1 1 1 1 1 1 1 0 
1 1 1 1 1 1 1 1 0 
1 1 1 1 1 1 1 1 0 
1 1 1 1 1 1 1 1 0 
1 1 1 1 1 1 1 1 0 
1 1 1 1 1 1 1 1 0 
1 1 1 1 1 1 1 1 0 
1 1 1 1 1 1 1 1 0 
0 0 0 0 0 0 0 0 0 
