FR19
11 11
0.399811 0.399811 0.499756 0.399811 0.399811 0.499756 0.799622 0.799622 0.899567 0.799622 0.899567 
0.499756 0.499756 0.499756 0.499756 0.499756 0.599716 0.799622 0.599716 0.799622 0.699661 0.899567 
0.29985 0.499756 0.499756 0.499756 0.999512 1.19942 1.09947 0.899567 0.699661 0.599716 0.699661 
0.0999603 0.29985 0.499756 0.999512 1.49928 1.69917 1.29938 1.09947 0.699661 0.499756 0.599716 
0.29985 0.399811 0.799622 1.29938 1.69917 1.69917 1.79913 1.59923 1.09947 0.499756 0.599716 
0.199905 0.29985 0.699661 1.19942 1.49928 1.79913 1.59923 1.29938 0.999512 0.599716 0.399811 
0.199905 0.29985 0.599716 0.899567 1.29938 1.49928 1.29938 0.999512 0.699661 0.399811 0.29985 
0.29985 0.0999603 0.399811 0.599716 0.999512 0.999512 0.899567 0.599716 0.29985 0.29985 0.499756 
0.399811 0.29985 0.29985 0.499756 0.599716 0.499756 0.29985 0.199905 0.199905 0.29985 0.399811 
0.399811 0.399811 0.29985 0.29985 0.199905 0.199905 0 0.0999603 0.0999603 0.399811 0.29985 
0 0 0 0 0 0 0 0 0 0 0 
1 1 1 1 1 1 1 1 1 1 1 
1 1 1 1 1 1 1 1 1 1 1 
1 1 1 1 1 1 1 1 1 1 1 
1 1 1 1 1 1 1 1 1 1 1 
1 1 1 1 1 1 1 1 1 1 1 
1 1 1 1 1 1 1 1 1 1 1 
1 1 1 1 1 1 1 1 1 1 1 
1 1 1 1 1 1 1 1 1 1 1 
1 1 1 1 1 1 1 1 1 1 1 
1 1 1 1 1 1 1 1 1 1 1 
0 0 0 0 0 0 0 0 0 0 0 
