FR23
9 9
0.899841 0.799896 0.600037 0.600037 0.500092 0.200287 0.100342 0.100342 0.200287 
0.599716 0.699661 0.799622 0.599716 0.499756 0.399811 0 0 0.0999451 
0.499756 0.699661 1.09947 0.999527 0.899567 0.599716 0.199905 0.29985 0.199905 
0.599716 0.999527 1.29938 1.39934 1.39934 0.899567 0.399811 0.29985 0.29985 
0.699661 1.09947 1.49928 1.49928 1.49928 0.999527 0.29985 0.199905 0.29985 
0.599716 0.899567 1.09947 1.29938 1.39934 0.899567 0.499756 0.29985 0.399811 
0.599716 0.699661 0.899567 1.09947 1.09947 0.799622 0.499756 0.499756 0.699661 
0.899567 0.599716 0.499756 0.599716 0.599716 0.499756 0.599716 0.699661 0.799622 
0 0 0 0 0 0 0 0 0 
1 1 1 1 1 1 1 1 1 
1 1 1 1 1 1 1 1 1 
1 1 1 1 1 1 1 1 1 
1 1 1 1 1 1 1 1 1 
1 1 1 1 1 1 1 1 1 
1 1 1 1 1 1 1 1 1 
1 1 1 1 1 1 1 1 1 
1 1 1 1 1 1 1 1 1 
0 0 0 0 0 0 0 0 0 
