FR1
9 9
0 0.0999451 0.299835 0.499725 0.39978 0.499725 0.39978 0.299835 0 
0.19989 0.39978 0.59967 0.699615 0.699615 0.699615 0.59967 0.59967 0 
0.499725 0.699615 0.899506 1.19933 1.09939 0.799561 0.699615 0.699615 0 
0.59967 0.899506 1.09939 1.29928 1.19933 0.899506 0.699615 0.799561 0 
0.499725 0.699615 1.19933 1.19933 1.09939 0.799561 0.899506 0.999443 0 
0.499725 0.499725 1.09939 0.899506 0.799561 0.699615 0.899506 0.999443 0 
0.699615 0.699615 0.999443 0.899506 0.899506 0.899506 0.999443 0.999443 0 
0.899506 0.999443 1.19933 1.09939 0.999443 0.999443 1.09939 1.09939 0 
0 0 0 0 0 0 0 0 0 
1 1 1 1 1 1 1 1 0 
1 1 1 1 1 1 1 1 0 
1 1 1 1 1 1 1 1 0 
1 1 1 1 1 1 1 1 0 
1 1 1 1 1 1 1 1 0 
1 1 1 1 1 1 1 1 0 
1 1 1 1 1 1 1 1 0 
1 1 1 1 1 1 1 1 0 
0 0 0 0 0 0 0 0 0 
