FR102
9 9
0 0.29985 0.29985 0.199905 0 0.0999603 0.199905 0.399811 0 
0.199905 0.199905 0.29985 0.199905 0.29985 0.199905 0.29985 0.399811 0 
0.499756 0.399811 0.599716 0.799606 0.899567 0.499756 0.399811 0.399811 0 
0.599716 0.699661 1.29936 1.59923 1.49927 0.799606 0.599716 0.499756 0 
0.599716 0.899567 1.69917 1.89908 1.79912 1.19942 0.699661 0.599716 0 
0.699661 0.899567 1.69917 1.99902 1.69917 1.19942 0.799606 0.599716 0 
0.799606 0.799606 1.19942 1.29936 1.29936 0.899567 0.599716 0.499756 0 
0.999512 0.699661 0.799606 0.899567 0.799606 0.699661 0.599716 0.599716 0 
0.899567 0.799606 0.699661 0.599716 0.699661 0.799606 0.699661 0.499756 0 
1 1 1 1 1 1 1 1 0 
1 1 1 1 1 1 1 1 0 
1 1 1 1 1 1 1 1 0 
1 1 1 1 1 1 1 1 0 
1 1 1 1 1 1 1 1 0 
1 1 1 1 1 1 1 1 0 
1 1 1 1 1 1 1 1 0 
1 1 1 1 1 1 1 1 0 
1 1 1 1 1 1 1 1 0 
