FR109
11 11
0 0.899658 0.699738 0.599777 0.599777 0.399841 0.199921 0 0 0.199921 0 
0 0.899658 0.699738 0.799698 0.899658 0.799698 0.599777 0.199921 0.199921 0.299881 0 
0 0.899658 0.799698 1.09958 1.19954 1.19954 0.899658 0.499817 0.299881 0.399841 0 
0 0.899658 0.899658 1.39946 1.5994 1.5994 1.19954 0.699738 0.399841 0.399841 0 
0 0.799698 1.09958 1.69936 1.69936 1.5994 1.39946 0.799698 0.299881 0.199921 0 
0 0.899658 0.999619 1.49944 1.5994 1.5994 1.39946 0.799698 0.299881 0.0999603 0 
0 0.699738 0.799698 1.19954 1.5994 1.2995 0.999619 0.599777 0.299881 0.199921 0 
0 0.499817 0.699738 0.799698 0.799698 0.799698 0.599777 0.399841 0.399841 0.199921 0 
0 0.399841 0.299881 0.499817 0.499817 0.499817 0.299881 0.299881 0.399841 0.299881 0 
0 0.699738 0.499817 0.399841 0.299881 0.199921 0.299881 0.299881 0.0999603 0.599777 0 
0 0 0 0 0 0 0 0 0 0 0 
0 1 1 1 1 1 1 1 1 1 0 
0 1 1 1 1 1 1 1 1 1 0 
0 1 1 1 1 1 1 1 1 1 0 
0 1 1 1 1 1 1 1 1 1 0 
0 1 1 1 1 1 1 1 1 1 0 
0 1 1 1 1 1 1 1 1 1 0 
0 1 1 1 1 1 1 1 1 1 0 
0 1 1 1 1 1 1 1 1 1 0 
0 1 1 1 1 1 1 1 1 1 0 
0 1 1 1 1 1 1 1 1 1 0 
0 0 0 0 0 0 0 0 0 0 0 
