FR105
7 7
0.999619 0.899658 0.399841 0.499802 0.299881 0.199921 0 
0.899658 0.699722 0.999619 0.999619 0.699722 0.299881 0.0999603 
0.799683 0.799683 1.2995 1.39946 1.19954 0.899658 0.299881 
0.899658 1.09958 1.2995 1.2995 1.2995 0.999619 0.499802 
1.19954 1.09958 1.19954 1.09958 0.999619 0.799683 0.499802 
1.49942 1.2995 1.09958 1.09958 0.999619 0.799683 0.799683 
1.59938 1.2995 0.999619 0.999619 0.999619 0.999619 0.999619 
1 1 1 1 1 1 1 
1 1 1 1 1 1 1 
1 1 1 1 1 1 1 
1 1 1 1 1 1 1 
1 1 1 1 1 1 1 
1 1 1 1 1 1 1 
1 1 1 1 1 1 1 
