FR115
9 9
0.499359 0.499359 0.599228 0.798965 0.798965 0.798965 0.798965 0.798965 0 
0.499359 0.499359 0.599228 1.19846 1.19846 0.998703 0.898834 0.798965 0 
0.499359 0.499359 0.898834 1.89754 2.19716 1.49806 0.898834 0.699097 0 
0.39949 0.699097 1.09857 1.6978 1.89754 1.29832 0.699097 0.599228 0 
0.299622 0.39949 0.798965 1.19846 1.09857 0.599228 0.39949 0.299622 0 
0.299622 0.199753 0.39949 0.599228 0.499359 0.39949 0.299622 0.199753 0 
0.0998688 0.199753 0.199753 0.39949 0.39949 0.199753 0.199753 0.199753 0 
0.0998688 0.199753 0.299622 0.299622 0.199753 0.0998688 0.0998688 0 0 
0 0 0 0 0 0 0 0 0 
1 1 1 1 1 1 1 1 0 
1 1 1 1 1 1 1 1 0 
1 1 1 1 1 1 1 1 0 
1 1 1 1 1 1 1 1 0 
1 1 1 1 1 1 1 1 0 
1 1 1 1 1 1 1 1 0 
1 1 1 1 1 1 1 1 0 
1 1 1 1 1 1 1 1 0 
0 0 0 0 0 0 0 0 0 
