FR120
7 7
0 0.0999451 0.29985 0.399811 0.29985 0.29985 0.599716 
0.0999451 0.199905 0.399811 0.599716 0.599716 0.499756 0.699661 
0.0999451 0.29985 0.799622 0.999512 0.899567 0.699661 0.599716 
0.0999451 0.29985 0.899567 0.999512 0.899567 0.599716 0.799622 
0.0999451 0.29985 0.799622 0.899567 0.799622 0.499756 0.599716 
0.199905 0.29985 0.399811 0.699661 0.499756 0.499756 0.699661 
0.399811 0.499756 0.499756 0.499756 0.599716 0.799622 0.999512 
1 1 1 1 1 1 1 
1 1 1 1 1 1 1 
1 1 1 1 1 1 1 
1 1 1 1 1 1 1 
1 1 1 1 1 1 1 
1 1 1 1 1 1 1 
1 1 1 1 1 1 1 
