FR12
21 21
0 0 0 0 0 0 0 0 0 0 0 0 0 0 0 0 0 0 0 0 0 
0 0 0 0 0 0 0 0 0 0 0 0 0 0 0 0 0 0 0 0 0 
0.800873 0.900803 0.700928 0.700928 0.700928 0.501053 0.501053 0.600998 0.800873 0.700928 0.700928 0.700928 0.700928 0.600998 0.600998 0.800873 0.800873 0.800873 0.900803 1.00073 0 
0.900803 0.900803 0.700928 0.501053 0.401123 0.501053 0.700928 0.900803 1.10068 0.900803 0.900803 0.700928 0.700928 0.600998 0.501053 0.600998 0.700928 0.800873 0.800873 0.900803 0 
0.800873 0.800873 0.600998 0.401123 0.501053 0.700928 1.00073 1.20061 1.20061 1.20061 1.10068 0.900803 0.700928 0.600998 0.401123 0.401123 0.700928 0.700928 0.700928 0.800873 0 
0.700928 0.700928 0.600998 0.501053 0.800873 0.900803 1.20061 1.40048 1.50043 1.40048 1.40048 1.20061 1.00073 0.800873 0.501053 0.501053 0.700928 0.700928 0.600998 0.600998 0 
0.700928 0.600998 0.501053 0.800873 1.00073 1.30055 1.40048 1.60036 1.70029 1.70029 1.70029 1.50043 1.40048 0.900803 0.700928 0.700928 0.700928 0.600998 0.600998 0.600998 0 
0.501053 0.600998 0.501053 0.700928 1.10068 1.50043 1.60036 1.70029 1.80023 2.00011 1.90016 1.80023 1.60036 1.20061 0.600998 0.600998 0.600998 0.600998 0.600998 0.700928 0 
0.501053 0.501053 0.501053 0.900803 1.20061 1.50043 1.60036 1.70029 1.90016 2.00011 2.00011 1.90016 1.80023 1.50043 0.900803 0.401123 0.600998 0.600998 0.700928 0.700928 0 
0.600998 0.501053 0.600998 0.900803 1.20061 1.30055 1.70029 1.90016 1.90016 1.90016 1.90016 1.80023 1.80023 1.40048 0.501053 0.301178 0.501053 0.600998 0.700928 0.700928 0 
0.700928 0.700928 0.700928 0.900803 1.10068 1.10068 1.50043 1.80023 1.80023 1.80023 1.80023 1.70029 1.70029 1.20061 0.501053 0.301178 0.401123 0.501053 0.600998 0.600998 0 
0.600998 0.600998 0.700928 0.800873 1.00073 1.10068 1.30055 1.60036 1.60036 1.70029 1.60036 1.60036 1.40048 1.10068 0.401123 0.101318 0.301178 0.401123 0.501053 0.600998 0 
0.600998 0.501053 0.600998 0.700928 0.900803 0.900803 1.00073 1.30055 1.50043 1.50043 1.40048 1.40048 1.10068 0.800873 0.301178 0.00137329 0.201248 0.301178 0.401123 0.501053 0 
0.501053 0.501053 0.501053 0.700928 0.800873 0.800873 0.900803 1.10068 1.30055 1.20061 1.10068 1.10068 0.900803 0.600998 0.201248 0.101318 0.201248 0.201248 0.301178 0.401123 0 
0.69957 0.69957 0.7995 0.69957 0.69957 0.69957 0.7995 0.899445 0.7995 0.69957 0.69957 0.69957 0.69957 0.499695 0.199875 0.199875 0.199875 0.199875 0.29982 0.499695 0 
0.7995 0.7995 0.7995 0.7995 0.899445 0.999374 0.899445 0.69957 0.39975 0.29982 0.499695 0.39975 0.39975 0.29982 0.199875 0.0999451 0.0999451 0.199875 0.499695 0.69957 0 
0.899445 0.999374 0.999374 0.899445 0.899445 1.19925 0.999374 0.69957 0.39975 0.29982 0.29982 0.29982 0.29982 0.29982 0.0999451 0.0999451 0.0999451 0.29982 0.499695 0.69957 0 
0.899445 0.7995 0.899445 0.999374 0.999374 1.09932 0.899445 0.599625 0.499695 0.39975 0.29982 0.29982 0.29982 0.29982 0.199875 0.0999451 0.0999451 0.29982 0.499695 0.69957 0 
0.999374 0.999374 0.999374 0.999374 0.899445 0.999374 0.899445 0.599625 0.499695 0.39975 0.39975 0.39975 0.39975 0.29982 0.199875 0 0 0.29982 0.499695 0.499695 0 
0 0 0 0 0 0 0 0 0 0 0 0 0 0 0 0 0 0 0 0 0 
0 0 0 0 0 0 0 0 0 0 0 0 0 0 0 0 0 0 0 0 0 
0 0 0 0 0 0 0 0 0 0 0 0 0 0 0 0 0 0 0 0 0 
0 0 0 0 0 0 0 0 0 0 0 0 0 0 0 0 0 0 0 0 0 
1 1 1 1 1 1 1 1 1 1 1 1 1 1 1 1 1 1 1 1 0 
1 1 1 1 1 1 1 1 1 1 1 1 1 1 1 1 1 1 1 1 0 
1 1 1 1 1 1 1 1 1 1 1 1 1 1 1 1 1 1 1 1 0 
1 1 1 1 1 1 1 1 1 1 1 1 1 1 1 1 1 1 1 1 0 
1 1 1 1 1 1 1 1 1 1 1 1 1 1 1 1 1 1 1 1 0 
1 1 1 1 1 1 1 1 1 1 1 1 1 1 1 1 1 1 1 1 0 
1 1 1 1 1 1 1 1 1 1 1 1 1 1 1 1 1 1 1 1 0 
1 1 1 1 1 1 1 1 1 1 1 1 1 1 1 1 1 1 1 1 0 
1 1 1 1 1 1 1 1 1 1 1 1 1 1 1 1 1 1 1 1 0 
1 1 1 1 1 1 1 1 1 1 1 1 1 1 1 1 1 1 1 1 0 
1 1 1 1 1 1 1 1 1 1 1 1 1 1 1 1 1 1 1 1 0 
1 1 1 1 1 1 1 1 1 1 1 1 1 1 1 1 1 1 1 1 0 
1 1 1 1 1 1 1 1 1 1 1 1 1 1 1 1 1 1 1 1 0 
1 1 1 1 1 1 1 1 1 1 1 1 1 1 1 1 1 1 1 1 0 
1 1 1 1 1 1 1 1 1 1 1 1 1 1 1 1 1 1 1 1 0 
1 1 1 1 1 1 1 1 1 1 1 1 1 1 1 1 1 1 1 1 0 
1 1 1 1 1 1 1 1 1 1 1 1 1 1 1 1 1 1 1 1 0 
0 0 0 0 0 0 0 0 0 0 0 0 0 0 0 0 0 0 0 0 0 
0 0 0 0 0 0 0 0 0 0 0 0 0 0 0 0 0 0 0 0 0 
