FR133
15 15
0.899231 0.899231 0.799316 0.599487 0.499573 0.399658 0.299744 0.299744 0.299744 0.499573 0.599487 0.499573 0.399658 0.299744 0.399658 
0.899231 0.999146 0.799316 0.499573 0.199829 0.299744 0.599487 0.699402 0.699402 0.699402 0.699402 0.599487 0.399658 0.199829 0.399658 
0.899231 0.999146 0.699402 0.499573 0.699402 0.899231 1.09904 1.09904 1.19896 1.09904 0.799316 0.699402 0.499573 0.0999146 0.399658 
0.899231 0.699402 0.699402 0.899231 1.09904 1.39879 1.59862 1.39879 1.4987 1.19896 0.999146 0.699402 0.399658 0.199829 0.299744 
0.699402 0.599487 0.899231 1.39879 1.39879 1.59862 1.69853 1.59862 1.59862 1.39879 1.09904 0.899231 0.499573 0.299744 0.199829 
0.699402 0.699402 1.09904 1.59862 1.69853 1.79845 1.79845 1.59862 1.69853 1.59862 1.4987 1.09904 0.399658 0.299744 0.199829 
0.899231 0.899231 1.29887 1.4987 1.59862 1.59862 1.69853 1.69853 1.59862 1.69853 1.79845 1.4987 0.799316 0.199829 0 
0.899231 0.899231 1.19896 1.4987 1.59862 1.59862 1.59862 1.59862 1.59862 1.59862 1.79845 1.4987 1.09904 0.499573 0 
0.799316 0.899231 1.09904 1.4987 1.69853 1.69853 1.59862 1.69853 1.69853 1.69853 1.59862 1.39879 0.999146 0.399658 0 
0.799316 0.899231 0.899231 1.29887 1.59862 1.69853 1.69853 1.69853 1.69853 1.4987 1.29887 1.19896 0.799316 0.399658 0.0999146 
0.899231 0.899231 0.799316 0.999146 1.29887 1.4987 1.69853 1.69853 1.59862 1.59862 0.999146 0.799316 0.699402 0.499573 0.0999146 
0.799316 0.899231 0.799316 0.799316 0.799316 1.09904 1.29887 1.39879 1.09904 0.899231 0.599487 0.599487 0.499573 0.399658 0.199829 
0.799316 0.799316 0.799316 0.799316 0.699402 0.699402 0.699402 0.999146 0.799316 0.399658 0.199829 0.399658 0.499573 0.599487 0.299744 
0.699402 0.799316 0.799316 0.799316 0.599487 0.499573 0.399658 0.499573 0.499573 0.499573 0.399658 0.499573 0.499573 0.599487 0.399658 
0 0 0 0 0 0 0 0 0 0 0 0 0 0 0 
1 1 1 1 1 1 1 1 1 1 1 1 1 1 1 
1 1 1 1 1 1 1 1 1 1 1 1 1 1 1 
1 1 1 1 1 1 1 1 1 1 1 1 1 1 1 
1 1 1 1 1 1 1 1 1 1 1 1 1 1 1 
1 1 1 1 1 1 1 1 1 1 1 1 1 1 1 
1 1 1 1 1 1 1 1 1 1 1 1 1 1 1 
1 1 1 1 1 1 1 1 1 1 1 1 1 1 1 
1 1 1 1 1 1 1 1 1 1 1 1 1 1 1 
1 1 1 1 1 1 1 1 1 1 1 1 1 1 1 
1 1 1 1 1 1 1 1 1 1 1 1 1 1 1 
1 1 1 1 1 1 1 1 1 1 1 1 1 1 1 
1 1 1 1 1 1 1 1 1 1 1 1 1 1 1 
1 1 1 1 1 1 1 1 1 1 1 1 1 1 1 
1 1 1 1 1 1 1 1 1 1 1 1 1 1 1 
0 0 0 0 0 0 0 0 0 0 0 0 0 0 0 
