FR137
11 11
0.299759 0.299759 0.199844 0.0999146 0 0.299759 0.299759 0.499603 0.599533 0.799377 0.799377 
0.399689 0.199844 0.0999146 0.0999146 0 0.399689 0.399689 0.599533 0.699448 0.699448 0.699448 
0.299759 0.199844 0.199844 0.399689 0.399689 0.499603 0.699448 0.799377 0.799377 0.899292 0.899292 
0.299759 0.299759 0.299759 0.599533 0.699448 0.699448 0.999222 1.09914 0.999222 0.899292 0.799377 
0.299759 0.199844 0.399689 0.799377 1.09914 1.09914 1.19907 1.19907 1.09914 0.799377 0.699448 
0.299759 0.199844 0.399689 0.999222 1.19907 1.29898 1.29898 1.29898 1.09914 0.799377 0.799377 
0.399689 0.299759 0.699448 0.999222 1.29898 1.29898 1.29898 1.09914 0.899292 0.699448 0.699448 
0.299759 0.399689 0.699448 0.799377 1.09914 1.09914 0.999222 0.999222 0.699448 0.599533 0.699448 
0.399689 0.299759 0.399689 0.499603 0.699448 0.599533 0.599533 0.599533 0.399689 0.399689 0.399689 
0.299759 0.199844 0.199844 0.299759 0.399689 0.299759 0.0999146 0.0999146 0.0999146 0.199844 0.299759 
0.299759 0.199844 0.199844 0.0999146 0.0999146 0.0999146 0.0999146 0.0999146 0.0999146 0.299759 0.299759 
1 1 1 1 1 1 1 1 1 1 1 
1 1 1 1 1 1 1 1 1 1 1 
1 1 1 1 1 1 1 1 1 1 1 
1 1 1 1 1 1 1 1 1 1 1 
1 1 1 1 1 1 1 1 1 1 1 
1 1 1 1 1 1 1 1 1 1 1 
1 1 1 1 1 1 1 1 1 1 1 
1 1 1 1 1 1 1 1 1 1 1 
1 1 1 1 1 1 1 1 1 1 1 
1 1 1 1 1 1 1 1 1 1 1 
1 1 1 1 1 1 1 1 1 1 1 
