FR139
7 7
0.0999298 0 0 0 0 0.299774 0 
0.299774 0.299774 0.399689 0.199844 0.199844 0.0999298 0 
0.299774 0.699463 0.699463 0.799377 0.299774 0 0 
0.199844 0.699463 0.899307 0.699463 0.299774 0.0999298 0 
0.199844 0.499619 0.699463 0.599533 0.299774 0.0999298 0 
0.0985565 0.298401 0.298401 0.198471 0.0985565 0.0985565 0 
0.198471 0.198471 0.198471 0.0985565 0.0985565 0.198471 0 
1 1 1 1 1 1 0 
1 1 1 1 1 1 0 
1 1 1 1 1 1 0 
1 1 1 1 1 1 0 
1 1 1 1 1 1 0 
1 1 1 1 1 1 0 
1 1 1 1 1 1 0 
