FR144
11 11
0.199768 0.199768 0.099884 0.199768 0.199768 0.199768 0.099884 0.199768 0.199768 0.49942 0 
0.099884 0.099884 0.099884 0.199768 0.399536 0.49942 0.299652 0.199768 0.199768 0.299652 0 
0.099884 0 0.199768 0.399536 0.699188 0.898956 0.799072 0.399536 0.299652 0.299652 0 
0.299652 0.199768 0.399536 0.699188 0.99884 0.99884 0.99884 0.799072 0.399536 0.199768 0 
0.299652 0.299652 0.599304 0.99884 0.99884 0.898956 0.99884 0.799072 0.399536 0.199768 0 
0.199768 0.299652 0.699188 1.09872 0.99884 0.99884 0.99884 0.799072 0.299652 0.299652 0 
0.099884 0.199768 0.799072 1.09872 0.99884 0.99884 0.898956 0.699188 0.299652 0.099884 0 
0.299652 0.199768 0.49942 0.699188 0.799072 0.799072 0.599304 0.49942 0.399536 0.199768 0 
0.399536 0.299652 0.299652 0.399536 0.599304 0.49942 0.299652 0.399536 0.399536 0.299652 0 
0.599304 0.49942 0.399536 0.399536 0.399536 0.299652 0.199768 0.299652 0.399536 0.299652 0 
0 0 0 0 0 0 0 0 0 0 0 
1 1 1 1 1 1 1 1 1 1 0 
1 1 1 1 1 1 1 1 1 1 0 
1 1 1 1 1 1 1 1 1 1 0 
1 1 1 1 1 1 1 1 1 1 0 
1 1 1 1 1 1 1 1 1 1 0 
1 1 1 1 1 1 1 1 1 1 0 
1 1 1 1 1 1 1 1 1 1 0 
1 1 1 1 1 1 1 1 1 1 0 
1 1 1 1 1 1 1 1 1 1 0 
1 1 1 1 1 1 1 1 1 1 0 
0 0 0 0 0 0 0 0 0 0 0 
