FR142
9 9
0 0 0 0 0 0 0 0 0 
0.099884 0.099884 0.199768 0.299652 0.099884 0 0.099884 0.099884 0 
0.099884 0.199768 0.599304 0.49942 0.299652 0.099884 0.099884 0 0 
0.199768 0.399536 0.49942 0.599304 0.599304 0.299652 0.099884 0 0 
0.199768 0.199768 0.399536 0.49942 0.49942 0.299652 0 0 0 
0.099884 0 0.299652 0.299652 0.199768 0 0 0 0 
0.199768 0 0.199768 0.299652 0.099884 0 0 0 0 
0 0 0 0 0 0 0 0 0 
0 0 0 0 0 0 0 0 0 
0 0 0 0 0 0 0 0 0 
1 1 1 1 1 1 1 1 0 
1 1 1 1 1 1 1 1 0 
1 1 1 1 1 1 1 1 0 
1 1 1 1 1 1 1 1 0 
1 1 1 1 1 1 1 1 0 
1 1 1 1 1 1 1 1 0 
0 0 0 0 0 0 0 0 0 
0 0 0 0 0 0 0 0 0 
