FR148
9 9
0.199814 0.199814 0.199814 0.199814 0.399628 0.199814 0.299728 0.399628 0 
0.0999146 0.199814 0.499542 0.599457 0.399628 0.299728 0.399628 0.299728 0 
0.299728 0.499542 0.699356 0.699356 0.399628 0.499542 0.499542 0.299728 0 
0.399628 0.699356 0.899185 0.699356 0.499542 0.499542 0.499542 0.299728 0 
0.399628 0.899185 0.999084 0.899185 0.499542 0.499542 0.499542 0.299728 0 
0.0999146 0.399628 0.699356 0.899185 0.899185 0.599457 0.399628 0.299728 0 
0.199814 0 0.399628 0.599457 0.499542 0.299728 0.0999146 0.199814 0 
0.299728 0.0999146 0.0999146 0.0999146 0.299728 0.399628 0.399628 0.499542 0 
0 0 0 0 0 0 0 0 0 
1 1 1 1 1 1 1 1 0 
1 1 1 1 1 1 1 1 0 
1 1 1 1 1 1 1 1 0 
1 1 1 1 1 1 1 1 0 
1 1 1 1 1 1 1 1 0 
1 1 1 1 1 1 1 1 0 
1 1 1 1 1 1 1 1 0 
1 1 1 1 1 1 1 1 0 
0 0 0 0 0 0 0 0 0 
