FR156
15 15
0 0 0 0 0 0 0 0 0 0 0 0 0 0 0 
0.799484 0.799484 0.699554 0.799484 0.699554 0.39975 0.299805 0.39975 0.299805 0.299805 0.49968 0.49968 0.299805 0.39975 0 
0.899414 0.799484 0.799484 0.999344 0.899414 0.799484 0.599609 0.699554 0.199875 0.299805 0.39975 0.39975 0.299805 0.0999451 0 
0.799484 0.799484 0.999344 1.09929 1.29915 1.29915 1.19922 0.999344 0.599609 0.299805 0.299805 0.299805 0.299805 0 0 
0.899414 0.799484 0.999344 1.39909 1.69888 1.79883 1.59895 1.39909 1.19922 0.799484 0.49968 0.49968 0.299805 0 0 
0.699554 0.799484 1.19922 1.49902 1.89876 1.99869 1.89876 1.79883 1.59895 1.09929 0.799484 0.799484 0.49968 0.0999451 0 
0.39975 0.599609 1.19922 1.69888 1.99869 1.99869 1.89876 2.09863 1.99869 1.49902 1.19922 0.899414 0.49968 0.299805 0 
0.39975 0.49968 1.09929 1.69888 1.99869 1.89876 1.89876 2.09863 1.89876 1.39909 1.19922 0.799484 0.799484 0.599609 0 
0.199875 0.599609 0.999344 1.49902 1.89876 2.19856 2.09863 1.99869 1.69888 1.39909 1.09929 0.899414 0.799484 0.899414 0 
0.39975 0.699554 0.899414 1.29915 1.79883 1.99869 1.89876 1.79883 1.59895 1.29915 0.999344 0.799484 0.799484 0.899414 0 
0.699554 0.799484 0.799484 0.899414 1.19922 1.69888 1.59895 1.49902 1.19922 1.09929 0.999344 0.699554 0.599609 0.699554 0 
0.599609 0.699554 0.599609 0.49968 0.799484 1.19922 1.29915 1.19922 1.09929 0.999344 0.899414 0.699554 0.699554 0.699554 0 
0.39975 0.49968 0.39975 0.299805 0.39975 0.699554 0.899414 0.999344 0.899414 0.899414 0.899414 0.799484 0.699554 0.599609 0 
0.0999451 0.199875 0.299805 0.599609 0.599609 0.699554 0.899414 0.899414 0.899414 0.899414 0.899414 0.799484 0.599609 0.49968 0 
0 0 0 0 0 0 0 0 0 0 0 0 0 0 0 
0 0 0 0 0 0 0 0 0 0 0 0 0 0 0 
1 1 1 1 1 1 1 1 1 1 1 1 1 1 0 
1 1 1 1 1 1 1 1 1 1 1 1 1 1 0 
1 1 1 1 1 1 1 1 1 1 1 1 1 1 0 
1 1 1 1 1 1 1 1 1 1 1 1 1 1 0 
1 1 1 1 1 1 1 1 1 1 1 1 1 1 0 
1 1 1 1 1 1 1 1 1 1 1 1 1 1 0 
1 1 1 1 1 1 1 1 1 1 1 1 1 1 0 
1 1 1 1 1 1 1 1 1 1 1 1 1 1 0 
1 1 1 1 1 1 1 1 1 1 1 1 1 1 0 
1 1 1 1 1 1 1 1 1 1 1 1 1 1 0 
1 1 1 1 1 1 1 1 1 1 1 1 1 1 0 
1 1 1 1 1 1 1 1 1 1 1 1 1 1 0 
1 1 1 1 1 1 1 1 1 1 1 1 1 1 0 
0 0 0 0 0 0 0 0 0 0 0 0 0 0 0 
