FR150
25 25
0.899567 0.899567 0.799606 0.699661 0.499756 0.599701 0.599701 0.499756 0.399811 0.699661 0.699661 0.699661 0.699661 0.799606 0.799606 0.899567 0.899567 0.999512 0.999512 1.09947 1.19942 1.09947 1.19942 1.09947 0 
0.899567 0.799606 0.699661 0.599701 0.699661 0.599701 0.499756 0.499756 0.699661 0.899567 0.899567 0.899567 0.799606 0.699661 0.799606 0.899567 0.899567 1.09947 1.09947 0.999512 1.29936 1.29936 1.29936 1.09947 0 
0.999512 0.799606 0.799606 0.799606 0.699661 0.599701 0.499756 0.599701 0.799606 1.09947 1.19942 1.39932 1.19942 1.09947 1.09947 0.899567 0.799606 0.999512 0.999512 0.999512 1.19942 1.39932 1.29936 1.19942 0 
0.999512 0.899567 0.799606 0.699661 0.799606 0.799606 0.799606 0.999512 1.19942 1.49927 1.49927 1.59923 1.39932 1.29936 1.39932 1.19942 1.19942 0.899567 0.799606 0.799606 1.09947 1.29936 1.19942 1.19942 0 
1.19942 0.999512 0.799606 0.799606 0.999512 1.29936 1.49927 1.49927 1.69917 1.49927 1.29936 1.39932 1.29936 1.29936 1.29936 1.39932 1.59923 1.19942 0.699661 0.899567 1.09947 1.19942 1.29936 1.19942 0 
0.999512 0.999512 0.899567 0.799606 1.19942 1.69917 1.69917 1.69917 1.59923 1.49927 1.39932 1.29936 1.29936 1.29936 1.39932 1.69917 1.49927 1.09947 0.999512 0.899567 0.999512 0.999512 1.29936 1.29936 0 
0.899567 0.899567 0.899567 1.19942 1.49927 1.79913 1.59923 1.49927 1.59923 1.49927 1.39932 1.39932 1.49927 1.39932 1.59923 1.59923 1.29936 1.29936 1.29936 1.29936 1.09947 0.899567 1.29936 1.19942 0 
0.999512 0.899567 0.999512 1.39932 1.69917 1.69917 1.39932 1.49927 1.49927 1.49927 1.59923 1.59923 1.69917 1.69917 1.69917 1.59923 1.49927 1.49927 1.59923 1.49927 1.09947 0.899567 1.09947 1.19942 0 
0.899567 0.999512 1.19942 1.49927 1.69917 1.49927 1.29936 1.39932 1.69917 1.79913 1.69917 1.69917 1.69917 1.89908 1.89908 1.59923 1.49927 1.49927 1.49927 1.59923 0.999512 0.899567 0.899567 1.09947 0 
0.999512 0.999512 1.29936 1.49927 1.49927 1.29936 1.29936 1.49927 1.69917 1.69917 1.69917 1.59923 1.79913 1.99902 1.99902 1.79913 1.39932 1.39932 1.59923 1.49927 1.09947 0.999512 0.799606 0.899567 0 
0.899567 0.999512 1.29936 1.49927 1.69917 1.39932 1.29936 1.49927 1.69917 1.89908 1.69917 1.79913 1.79913 1.89908 1.79913 1.89908 1.59923 1.29936 1.49927 1.49927 1.29936 1.09947 0.799606 0.899567 0 
0.899567 0.999512 1.19942 1.49927 1.49927 1.19942 1.29936 1.49927 1.69917 1.89908 1.89908 1.89908 1.69917 1.79913 1.79913 1.79913 1.59923 1.39932 1.59923 1.69917 1.39932 0.899567 0.699661 0.699661 0 
0.799606 0.899567 1.09947 1.39932 1.49927 1.29936 1.29936 1.49927 1.69917 1.79913 1.89908 1.89908 1.69917 1.79913 1.69917 1.59923 1.49927 1.49927 1.59923 1.49927 1.09947 0.799606 0.699661 0.799606 0 
0.599701 0.799606 1.19942 1.69917 1.49927 1.29936 1.39932 1.49927 1.69917 1.69917 1.89908 1.79913 1.69917 1.69917 1.59923 1.49927 1.29936 1.39932 1.49927 1.19942 0.899567 0.599701 0.699661 0.799606 0 
0.499756 0.699661 0.899567 1.59923 1.49927 1.39932 1.29936 1.39932 1.59923 1.69917 1.69917 1.59923 1.49927 1.49927 1.39932 1.39932 1.39932 1.29936 1.39932 1.09947 0.599701 0.399811 0.799606 0.699661 0 
0.699661 0.899567 0.899567 1.39932 1.49927 1.39932 1.39932 1.29936 1.59923 1.69917 1.59923 1.49927 1.39932 1.39932 1.39932 1.19942 1.09947 1.29936 1.29936 1.09947 0.499756 0.599701 0.699661 0.699661 0 
0.799606 0.799606 0.899567 1.09947 1.49927 1.59923 1.59923 1.39932 1.49927 1.49927 1.49927 1.49927 1.39932 1.29936 1.29936 1.29936 1.19942 1.29936 1.19942 0.899567 0.499756 0.499756 0.599701 0.499756 0 
0.699661 0.699661 0.799606 1.09947 1.29936 1.49927 1.49927 1.49927 1.39932 1.39932 1.19942 1.29936 1.29936 1.19942 1.29936 1.29936 1.19942 1.29936 0.999512 0.499756 0.399811 0.599701 0.599701 0.499756 0 
0.799606 0.699661 0.599701 0.899567 0.899567 1.19942 1.39932 1.49927 1.19942 1.29936 1.19942 1.09947 1.19942 0.999512 1.09947 1.09947 0.999512 0.999512 0.599701 0.499756 0.499756 0.499756 0.399811 0.399811 0 
0.799606 0.699661 0.499756 0.599701 0.499756 0.699661 0.899567 1.09947 0.899567 1.19942 1.19942 1.09947 1.09947 0.799606 0.799606 0.699661 0.399811 0.29985 0.29985 0.29985 0.29985 0.29985 0.399811 0.399811 0 
0.699661 0.699661 0.599701 0.29985 0.29985 0.29985 0.499756 0.499756 0.599701 0.899567 1.09947 1.09947 1.09947 0.699661 0.599701 0.29985 0.0999451 0.0999451 0.0999451 0.0999451 0.0999451 0.199905 0.29985 0.199905 0 
0.599701 0.699661 0.599701 0.29985 0.29985 0.399811 0.499756 0.399811 0.399811 0.599701 0.799606 0.799606 0.699661 0.29985 0.399811 0.29985 0.199905 0.199905 0.199905 0.0999451 0.0999451 0.0999451 0.29985 0.199905 0 
0.499756 0.599701 0.599701 0.399811 0.499756 0.599701 0.599701 0.399811 0.29985 0.399811 0.399811 0.399811 0.199905 0 0.199905 0.29985 0.29985 0.29985 0.199905 0.0999451 0.199905 0.199905 0.199905 0.199905 0 
0.199905 0.29985 0.499756 0.29985 0.499756 0.599701 0.499756 0.399811 0.399811 0.399811 0.199905 0.199905 0.29985 0.29985 0.29985 0.29985 0.29985 0.29985 0.29985 0.199905 0.199905 0.199905 0.199905 0.0999451 0 
0 0 0 0 0 0 0 0 0 0 0 0 0 0 0 0 0 0 0 0 0 0 0 0 0 
1 1 1 1 1 1 1 1 1 1 1 1 1 1 1 1 1 1 1 1 1 1 1 1 0 
1 1 1 1 1 1 1 1 1 1 1 1 1 1 1 1 1 1 1 1 1 1 1 1 0 
1 1 1 1 1 1 1 1 1 1 1 1 1 1 1 1 1 1 1 1 1 1 1 1 0 
1 1 1 1 1 1 1 1 1 1 1 1 1 1 1 1 1 1 1 1 1 1 1 1 0 
1 1 1 1 1 1 1 1 1 1 1 1 1 1 1 1 1 1 1 1 1 1 1 1 0 
1 1 1 1 1 1 1 1 1 1 1 1 1 1 1 1 1 1 1 1 1 1 1 1 0 
1 1 1 1 1 1 1 1 1 1 1 1 1 1 1 1 1 1 1 1 1 1 1 1 0 
1 1 1 1 1 1 1 1 1 1 1 1 1 1 1 1 1 1 1 1 1 1 1 1 0 
1 1 1 1 1 1 1 1 1 1 1 1 1 1 1 1 1 1 1 1 1 1 1 1 0 
1 1 1 1 1 1 1 1 1 1 1 1 1 1 1 1 1 1 1 1 1 1 1 1 0 
1 1 1 1 1 1 1 1 1 1 1 1 1 1 1 1 1 1 1 1 1 1 1 1 0 
1 1 1 1 1 1 1 1 1 1 1 1 1 1 1 1 1 1 1 1 1 1 1 1 0 
1 1 1 1 1 1 1 1 1 1 1 1 1 1 1 1 1 1 1 1 1 1 1 1 0 
1 1 1 1 1 1 1 1 1 1 1 1 1 1 1 1 1 1 1 1 1 1 1 1 0 
1 1 1 1 1 1 1 1 1 1 1 1 1 1 1 1 1 1 1 1 1 1 1 1 0 
1 1 1 1 1 1 1 1 1 1 1 1 1 1 1 1 1 1 1 1 1 1 1 1 0 
1 1 1 1 1 1 1 1 1 1 1 1 1 1 1 1 1 1 1 1 1 1 1 1 0 
1 1 1 1 1 1 1 1 1 1 1 1 1 1 1 1 1 1 1 1 1 1 1 1 0 
1 1 1 1 1 1 1 1 1 1 1 1 1 1 1 1 1 1 1 1 1 1 1 1 0 
1 1 1 1 1 1 1 1 1 1 1 1 1 1 1 1 1 1 1 1 1 1 1 1 0 
1 1 1 1 1 1 1 1 1 1 1 1 1 1 1 1 1 1 1 1 1 1 1 1 0 
1 1 1 1 1 1 1 1 1 1 1 1 1 1 1 1 1 1 1 1 1 1 1 1 0 
1 1 1 1 1 1 1 1 1 1 1 1 1 1 1 1 1 1 1 1 1 1 1 1 0 
1 1 1 1 1 1 1 1 1 1 1 1 1 1 1 1 1 1 1 1 1 1 1 1 0 
0 0 0 0 0 0 0 0 0 0 0 0 0 0 0 0 0 0 0 0 0 0 0 0 0 
