FR157
13 13
0.799469 0.699539 0.699539 0.599594 0.499664 0.299789 0.19986 0.299789 0.299789 0.599594 0.599594 0.499664 0.499664 
0.799469 0.599594 0.599594 0.599594 0.499664 0.499664 0.0999298 0.19986 0.19986 0.299789 0.399734 0.499664 0.599594 
0.799469 0.699539 0.499664 0.599594 0.699539 0.699539 0.499664 0.499664 0.399734 0.399734 0.499664 0.599594 0.599594 
0.799469 0.699539 0.699539 0.899399 1.09927 0.999344 0.999344 0.899399 0.699539 0.699539 0.399734 0.499664 0.499664 
0.799469 0.799469 0.799469 1.09927 1.1992 1.09927 1.1992 1.1992 0.999344 0.799469 0.599594 0.299789 0.399734 
0.599594 0.699539 0.899399 1.29913 1.39908 1.1992 1.29913 1.29913 1.1992 0.799469 0.599594 0.299789 0.299789 
0.599594 0.799469 1.1992 1.29913 1.49901 1.29913 1.39908 1.49901 1.1992 0.899399 0.399734 0.19986 0.19986 
0.299789 0.399734 0.899399 1.1992 1.39908 1.49901 1.49901 1.59894 1.1992 0.799469 0.299789 0 0.0999298 
0.299789 0.499664 0.699539 0.999344 1.1992 1.59894 1.39908 1.39908 1.09927 0.599594 0.19986 0.0999298 0.0999298 
0.499664 0.599594 0.799469 0.899399 0.999344 0.999344 0.999344 0.899399 0.499664 0.499664 0.299789 0.19986 0.399734 
0.699539 0.699539 0.699539 0.799469 0.699539 0.599594 0.499664 0.399734 0.19986 0.399734 0.299789 0.299789 0.399734 
0.599594 0.599594 0.699539 0.599594 0.399734 0.299789 0.0999298 0.19986 0.19986 0.499664 0.499664 0.399734 0.299789 
0 0 0 0 0 0 0 0 0 0 0 0 0 
1 1 1 1 1 1 1 1 1 1 1 1 1 
1 1 1 1 1 1 1 1 1 1 1 1 1 
1 1 1 1 1 1 1 1 1 1 1 1 1 
1 1 1 1 1 1 1 1 1 1 1 1 1 
1 1 1 1 1 1 1 1 1 1 1 1 1 
1 1 1 1 1 1 1 1 1 1 1 1 1 
1 1 1 1 1 1 1 1 1 1 1 1 1 
1 1 1 1 1 1 1 1 1 1 1 1 1 
1 1 1 1 1 1 1 1 1 1 1 1 1 
1 1 1 1 1 1 1 1 1 1 1 1 1 
1 1 1 1 1 1 1 1 1 1 1 1 1 
1 1 1 1 1 1 1 1 1 1 1 1 1 
0 0 0 0 0 0 0 0 0 0 0 0 0 
