FR163
7 7
0.0999298 0.0999298 0.199875 0.299805 0.199875 0.0999298 0 
0.0999298 0.199875 0.49968 0.49968 0.299805 0.199875 0 
0.299805 0.299805 0.699554 0.899429 0.699554 0.39975 0.199875 
0.39975 0.49968 0.599609 0.899429 0.699554 0.39975 0.199875 
0.49968 0.49968 0.49968 0.599609 0.49968 0.299805 0.299805 
0.699554 0.599609 0.599609 0.49968 0.49968 0.49968 0.49968 
0 0 0 0 0 0 0 
1 1 1 1 1 1 1 
1 1 1 1 1 1 1 
1 1 1 1 1 1 1 
1 1 1 1 1 1 1 
1 1 1 1 1 1 1 
1 1 1 1 1 1 1 
0 0 0 0 0 0 0 
