FR167
11 11
0 0 0 0 0 0 0 0 0 0 0 
0.299866 0.0999603 0.199921 0.199921 0.299866 0.399826 0.499786 0.799652 0.899612 0.899612 0 
0.199921 0.199921 0.199921 0.499786 0.599747 0.399826 0.499786 0.599747 0.899612 0.999557 0 
0.199921 0.199921 0.599747 1.09952 1.19948 0.999557 0.899612 0.799652 0.999557 1.09952 0 
0.199921 0.199921 0.799652 1.5993 1.39938 1.29944 1.19948 0.799652 0.899612 1.09952 0 
0.199921 0.0999603 0.699692 1.29944 1.29944 1.39938 0.999557 0.599747 0.899612 1.09952 0 
0.199921 0.0999603 0.299866 1.09952 1.29944 1.39938 0.799652 0.499786 0.799652 0.999557 0 
0.299866 0.199921 0.0999603 0.399826 0.699692 0.599747 0.499786 0.599747 0.899612 0.999557 0 
0.199921 0.0999603 0.199921 0.299866 0.299866 0.299866 0.399826 0.899612 0.999557 1.09952 0 
0 0 0.199921 0.299866 0.399826 0.499786 0.699692 0.899612 0.999557 1.09952 0 
0 0 0 0 0 0 0 0 0 0 0 
0 0 0 0 0 0 0 0 0 0 0 
1 1 1 1 1 1 1 1 1 1 0 
1 1 1 1 1 1 1 1 1 1 0 
1 1 1 1 1 1 1 1 1 1 0 
1 1 1 1 1 1 1 1 1 1 0 
1 1 1 1 1 1 1 1 1 1 0 
1 1 1 1 1 1 1 1 1 1 0 
1 1 1 1 1 1 1 1 1 1 0 
1 1 1 1 1 1 1 1 1 1 0 
1 1 1 1 1 1 1 1 1 1 0 
0 0 0 0 0 0 0 0 0 0 0 
