FR161
9 9
0.199875 0.29982 0.29982 0.29982 0.199875 0.199875 0.199875 0.199875 0.39975 
0.29982 0.39975 0.39975 0.29982 0.199875 0.199875 0.199875 0.0999451 0.199875 
0.29982 0.29982 0.49968 0.699554 0.599625 0.599625 0.29982 0.199875 0.29982 
0.29982 0.39975 0.599625 0.899429 1.0993 0.899429 0.599625 0.29982 0.29982 
0.29982 0.39975 0.699554 0.999374 1.0993 0.999374 0.49968 0.0999451 0.0999451 
0.39975 0.199875 0.49968 0.999374 0.999374 1.0993 0.599625 0 0.0999451 
0.199875 0.199875 0.199875 0.599625 0.899429 0.7995 0.39975 0 0.0999451 
0.39975 0.39975 0.29982 0.29982 0.29982 0.199875 0.199875 0.0999451 0.0999451 
0.29982 0.39975 0.29982 0.0999451 0.199875 0.29982 0.0999451 0.0999451 0.0999451 
1 1 1 1 1 1 1 1 1 
1 1 1 1 1 1 1 1 1 
1 1 1 1 1 1 1 1 1 
1 1 1 1 1 1 1 1 1 
1 1 1 1 1 1 1 1 1 
1 1 1 1 1 1 1 1 1 
1 1 1 1 1 1 1 1 1 
1 1 1 1 1 1 1 1 1 
1 1 1 1 1 1 1 1 1 
