FR162
7 7
0.49968 0.599609 0.599609 0.49968 0.49968 0.0999298 0.199875 
0.599609 0.699554 1.09929 1.09929 0.799484 0.399734 0.0999298 
0.49968 0.699554 0.999359 1.19923 0.999359 0.49968 0.299805 
0.49968 0.599609 0.899429 1.09929 0.799484 0.399734 0.0999298 
0.599609 0.799484 0.799484 0.799484 0.699554 0.399734 0 
0.599609 0.799484 0.799484 0.799484 0.599609 0.399734 0 
0 0 0 0 0 0 0 
1 1 1 1 1 1 1 
1 1 1 1 1 1 1 
1 1 1 1 1 1 1 
1 1 1 1 1 1 1 
1 1 1 1 1 1 1 
1 1 1 1 1 1 1 
0 0 0 0 0 0 0 
