FR170
17 17
0.599747 0.799652 0.799652 0.799652 0.899612 0.999573 1.09952 1.09952 0.999573 1.09952 1.09952 0.999573 1.09952 0.999573 0.999573 0.899612 0 
0.499786 0.699707 0.799652 0.799652 0.899612 0.699707 0.899612 1.19948 1.09952 1.09952 0.999573 1.09952 0.999573 0.999573 0.999573 0.899612 0 
0.499786 0.499786 0.699707 0.699707 0.599747 0.399826 0.499786 0.599747 0.999573 0.999573 0.899612 0.899612 0.899612 0.899612 0.899612 0.799652 0 
0.799652 0.599747 0.599747 0.199921 0.299881 0.499786 0.799652 0.899612 1.09952 0.999573 0.799652 0.699707 0.599747 0.799652 0.899612 0.799652 0 
0.899612 0.799652 0.399826 0.0999603 0.499786 0.999573 1.3994 1.49934 1.5993 1.5993 1.19948 0.799652 0.499786 0.799652 0.899612 0.899612 0 
0.799652 0.599747 0.199921 0.699707 0.999573 1.5993 1.69926 1.79922 1.79922 1.5993 1.3994 1.09952 0.599747 0.499786 0.799652 0.799652 0 
0.699707 0.399826 0.299881 0.799652 1.5993 1.99913 1.99913 1.99913 1.69926 1.49934 1.29944 1.09952 0.599747 0.299881 0.599747 0.899612 0 
0.699707 0.399826 0.499786 0.899612 1.5993 1.89917 1.89917 1.79922 1.5993 1.5993 1.29944 1.19948 0.999573 0.399826 0.599747 0.799652 0 
0.799652 0.599747 0.499786 0.999573 1.69926 1.99913 1.99913 1.79922 1.5993 1.5993 1.5993 1.49934 0.999573 0.799652 0.699707 0.799652 0 
0.599747 0.399826 0.499786 0.999573 1.5993 1.99913 1.99913 1.99913 1.89917 1.79922 1.69926 1.19948 0.899612 0.799652 0.699707 0.799652 0 
0.699707 0.199921 0.299881 0.699707 1.3994 1.79922 1.99913 1.79922 1.79922 1.79922 1.49934 0.899612 0.699707 0.799652 0.699707 0.699707 0 
0.799652 0.299881 0 0.199921 0.599747 1.09952 1.49934 1.79922 1.49934 1.09952 0.699707 0.299881 0.399826 0.699707 0.699707 0.599747 0 
0.899612 0.699707 0.299881 0.199921 0.299881 0.399826 0.599747 0.799652 0.599747 0.299881 0.0999603 0.399826 0.699707 0.699707 0.499786 0.299881 0 
0.799652 0.599747 0.599747 0.499786 0.599747 0.499786 0.299881 0.299881 0.399826 0.399826 0.399826 0.699707 0.799652 0.699707 0.299881 0.299881 0 
0.699707 0.699707 0.699707 0.599747 0.899612 0.799652 0.599747 0.499786 0.499786 0.699707 0.599747 0.699707 0.699707 0.599747 0.299881 0.599747 0 
0.699707 0.799652 0.699707 0.599747 0.799652 0.899612 0.799652 0.799652 0.799652 0.799652 0.799652 0.599747 0.499786 0.499786 0.199921 0.699707 0 
0.799652 0.599747 0.599747 0.599747 0.799652 0.899612 0.899612 0.899612 0.899612 0.899612 0.799652 0.699707 0.499786 0.599747 0.399826 0.599747 0 
1 1 1 1 1 1 1 1 1 1 1 1 1 1 1 1 0 
1 1 1 1 1 1 1 1 1 1 1 1 1 1 1 1 0 
1 1 1 1 1 1 1 1 1 1 1 1 1 1 1 1 0 
1 1 1 1 1 1 1 1 1 1 1 1 1 1 1 1 0 
1 1 1 1 1 1 1 1 1 1 1 1 1 1 1 1 0 
1 1 1 1 1 1 1 1 1 1 1 1 1 1 1 1 0 
1 1 1 1 1 1 1 1 1 1 1 1 1 1 1 1 0 
1 1 1 1 1 1 1 1 1 1 1 1 1 1 1 1 0 
1 1 1 1 1 1 1 1 1 1 1 1 1 1 1 1 0 
1 1 1 1 1 1 1 1 1 1 1 1 1 1 1 1 0 
1 1 1 1 1 1 1 1 1 1 1 1 1 1 1 1 0 
1 1 1 1 1 1 1 1 1 1 1 1 1 1 1 1 0 
1 1 1 1 1 1 1 1 1 1 1 1 1 1 1 1 0 
1 1 1 1 1 1 1 1 1 1 1 1 1 1 1 1 0 
1 1 1 1 1 1 1 1 1 1 1 1 1 1 1 1 0 
1 1 1 1 1 1 1 1 1 1 1 1 1 1 1 1 0 
1 1 1 1 1 1 1 1 1 1 1 1 1 1 1 1 0 
