FR17
27 27
0.699387 0.699387 1.20497 1.70461 1.60468 1.40483 1.20497 1.00513 0.905197 0.805283 0.905197 0.805283 0.705353 0.605423 0.705353 0.705353 0.705353 0.705353 0.705353 0.805283 0.905197 0.905197 0.905197 0.905197 0.905197 0.905197 0.905197 
0.699387 0.599472 1.10506 1.50475 1.40483 1.3049 1.00513 1.00513 1.00513 0.905197 0.905197 0.805283 0.805283 0.505493 0.705353 0.805283 0.705353 0.705353 0.805283 1.00513 1.00513 0.905197 0.905197 1.00513 0.905197 0.905197 0.905197 
0.8992 0.8992 1.00513 1.10506 1.10506 1.10506 1.00513 1.10506 1.00513 0.905197 0.805283 0.705353 0.705353 0.505493 0.505493 0.705353 0.705353 0.805283 0.905197 1.00513 1.10506 1.00513 0.905197 0.805283 0.805283 1.00513 0.905197 
0.999115 0.999115 1.10506 1.20497 1.20497 1.20497 1.10506 1.00513 1.00513 0.805283 0.705353 0.505493 0.405579 0.305649 0.405579 0.505493 0.605423 0.705353 0.905197 0.905197 1.00513 0.905197 0.905197 0.805283 0.805283 0.905197 0.905197 
0.8992 0.8992 1.00513 1.00513 1.10506 1.20497 1.10506 0.905197 0.805283 0.705353 0.605423 0.405579 0.405579 0.305649 0.305649 0.405579 0.505493 0.705353 0.805283 0.905197 1.00513 1.00513 1.00513 0.905197 0.805283 0.905197 0.905197 
0.799286 0.8992 0.905197 1.00513 1.00513 0.905197 0.905197 0.805283 0.605423 0.805283 0.705353 0.805283 0.805283 0.605423 0.505493 0.505493 0.405579 0.605423 0.705353 0.705353 0.905197 1.00513 1.10506 1.00513 0.905197 0.805283 0.905197 
0.499557 0.599472 0.705353 0.805283 0.705353 0.605423 0.605423 0.705353 0.805283 1.00513 1.10506 1.3049 1.3049 1.10506 0.905197 0.805283 0.605423 0.405579 0.505493 0.705353 0.905197 1.00513 1.00513 1.10506 1.00513 0.905197 0.805283 
0.499557 0.599472 0.605423 0.605423 0.405579 0.305649 0.405579 0.805283 1.10506 1.50475 1.70461 1.70461 1.80452 1.70461 1.50475 1.40483 1.00513 0.605423 0.405579 0.605423 0.805283 1.00513 1.00513 1.10506 1.10506 1.00513 0.905197 
0.499557 0.599472 0.405579 0.305649 0.105804 0.305649 0.805283 1.20497 1.40483 1.70461 2.00438 1.90445 1.90445 2.00438 2.00438 1.80452 1.40483 0.905197 0.705353 0.505493 0.705353 0.905197 1.00513 1.00513 1.00513 1.00513 1.00513 
0.399643 0.499557 0.505493 0.405579 0.105804 0.505493 1.20497 1.50475 1.80452 1.90445 1.90445 1.90445 2.00438 2.00438 2.10429 2.10429 1.80452 1.3049 0.805283 0.505493 0.605423 0.805283 0.905197 0.905197 0.805283 0.905197 0.905197 
0.299744 0.299744 0.305649 0.205719 0.105804 0.605423 1.3049 1.60468 1.90445 1.80452 1.80452 1.90445 1.90445 2.10429 2.20422 2.20422 2.00438 1.50475 1.10506 0.605423 0.505493 0.705353 0.805283 0.905197 0.905197 1.00513 1.00513 
0.299744 0.199829 0.105804 0.00587463 0.205719 0.805283 1.3049 1.70461 1.90445 1.80452 1.80452 1.90445 2.00438 2.10429 2.00438 2.10429 2.10429 1.80452 1.3049 0.705353 0.505493 0.705353 0.805283 1.00513 1.00513 1.00513 1.10506 
0.299744 0.199829 0.205719 0.00587463 0.305649 0.905197 1.50475 1.70461 1.80452 1.70461 1.90445 2.00438 2.00438 2.00438 2.00438 2.10429 2.10429 1.80452 1.3049 0.805283 0.505493 0.705353 0.905197 0.905197 1.10506 1.00513 1.00513 
0.199829 0.199829 0.205719 0.00587463 0.305649 1.00513 1.60468 1.80452 1.90445 1.80452 1.70461 2.00438 2.20422 2.10429 2.00438 2.10429 2.10429 1.90445 1.3049 0.705353 0.505493 0.605423 0.805283 1.10506 1.3049 1.10506 1.10506 
0.299744 0.199829 0.105804 0.00587463 0.205719 0.905197 1.50475 2.00438 1.90445 1.80452 1.90445 2.10429 2.10429 2.10429 2.10429 2.10429 2.10429 1.80452 1.40483 0.805283 0.505493 0.705353 0.905197 1.20497 1.3049 1.10506 1.10506 
0.299744 0.299744 0.205719 0.105804 0.105804 0.705353 1.3049 1.80452 1.90445 1.90445 2.10429 2.10429 2.10429 2.10429 2.10429 2.00438 2.00438 1.80452 1.40483 0.905197 0.605423 0.805283 1.10506 1.3049 1.3049 1.20497 1.20497 
0.299744 0.299744 0.305649 0.205719 0.105804 0.605423 1.3049 1.70461 1.90445 1.90445 1.90445 2.10429 2.10429 2.20422 2.30415 2.20422 1.80452 1.50475 1.10506 0.805283 0.605423 0.905197 1.10506 1.3049 1.3049 1.3049 1.20497 
0.199829 0.299744 0.305649 0.205719 0.105804 0.205719 0.805283 1.20497 1.60468 1.90445 2.00438 2.10429 2.10429 2.30415 2.20422 2.00438 1.60468 1.10506 0.905197 0.905197 0.905197 1.10506 1.20497 1.3049 1.3049 1.3049 1.3049 
0.0999146 0.199829 0.305649 0.105804 0.00587463 0.00587463 0.405579 0.805283 1.10506 1.60468 1.90445 1.80452 1.80452 2.00438 1.80452 1.70461 1.40483 0.905197 0.905197 1.00513 1.10506 1.20497 1.3049 1.3049 1.40483 1.50475 1.3049 
0.0999146 0.0999146 0.205719 0.105804 0.205719 0.105804 0.205719 0.405579 0.705353 1.00513 1.40483 1.50475 1.60468 1.60468 1.3049 1.20497 1.10506 1.00513 1.00513 1.00513 1.20497 1.3049 1.40483 1.3049 1.40483 1.40483 1.3049 
0 0 0.105804 0.205719 0.305649 0.205719 0.405579 0.305649 0.205719 0.405579 0.805283 0.905197 0.905197 0.905197 0.805283 0.805283 1.00513 1.10506 1.10506 1.20497 1.3049 1.50475 1.40483 1.40483 1.40483 1.40483 1.3049 
0.199829 0 0.205719 0.405579 0.505493 0.405579 0.305649 0.505493 0.405579 0.305649 0.405579 0.505493 0.505493 0.605423 0.605423 0.805283 0.805283 1.00513 1.3049 1.3049 1.3049 1.60468 1.70461 1.50475 1.50475 1.40483 1.40483 
0.199829 0.299744 0.305649 0.605423 0.505493 0.505493 0.505493 0.605423 0.605423 0.505493 0.605423 0.705353 0.705353 0.605423 0.705353 0.805283 0.905197 1.20497 1.40483 1.50475 1.50475 1.60468 1.60468 1.60468 1.40483 1.3049 1.3049 
0.199829 0.299744 0.305649 0.405579 0.605423 0.705353 0.705353 0.805283 0.805283 0.805283 0.805283 0.905197 1.00513 1.00513 1.10506 1.00513 1.00513 1.20497 1.50475 1.70461 1.70461 1.60468 1.60468 1.50475 1.40483 1.3049 1.40483 
0.299744 0.299744 0.405579 0.505493 0.505493 0.705353 0.705353 0.805283 0.905197 0.905197 0.905197 1.00513 1.10506 1.20497 1.3049 1.00513 1.3049 1.40483 1.50475 1.60468 1.70461 1.60468 1.60468 1.50475 1.40483 1.3049 1.40483 
0.199829 0.199829 0.205719 0.305649 0.505493 0.605423 0.605423 0.705353 0.905197 0.905197 1.00513 1.10506 1.10506 1.20497 1.40483 1.40483 1.50475 1.50475 1.50475 1.50475 1.60468 1.60468 1.50475 1.50475 1.40483 1.20497 1.3049 
0 0 0 0 0 0 0 0 0 0 0 0 0 0 0 0 0 0 0 0 0 0 0 0 0 0 0 
1 1 1 1 1 1 1 1 1 1 1 1 1 1 1 1 1 1 1 1 1 1 1 1 1 1 1 
1 1 1 1 1 1 1 1 1 1 1 1 1 1 1 1 1 1 1 1 1 1 1 1 1 1 1 
1 1 1 1 1 1 1 1 1 1 1 1 1 1 1 1 1 1 1 1 1 1 1 1 1 1 1 
1 1 1 1 1 1 1 1 1 1 1 1 1 1 1 1 1 1 1 1 1 1 1 1 1 1 1 
1 1 1 1 1 1 1 1 1 1 1 1 1 1 1 1 1 1 1 1 1 1 1 1 1 1 1 
1 1 1 1 1 1 1 1 1 1 1 1 1 1 1 1 1 1 1 1 1 1 1 1 1 1 1 
1 1 1 1 1 1 1 1 1 1 1 1 1 1 1 1 1 1 1 1 1 1 1 1 1 1 1 
1 1 1 1 1 1 1 1 1 1 1 1 1 1 1 1 1 1 1 1 1 1 1 1 1 1 1 
1 1 1 1 1 1 1 1 1 1 1 1 1 1 1 1 1 1 1 1 1 1 1 1 1 1 1 
1 1 1 1 1 1 1 1 1 1 1 1 1 1 1 1 1 1 1 1 1 1 1 1 1 1 1 
1 1 1 1 1 1 1 1 1 1 1 1 1 1 1 1 1 1 1 1 1 1 1 1 1 1 1 
1 1 1 1 1 1 1 1 1 1 1 1 1 1 1 1 1 1 1 1 1 1 1 1 1 1 1 
1 1 1 1 1 1 1 1 1 1 1 1 1 1 1 1 1 1 1 1 1 1 1 1 1 1 1 
1 1 1 1 1 1 1 1 1 1 1 1 1 1 1 1 1 1 1 1 1 1 1 1 1 1 1 
1 1 1 1 1 1 1 1 1 1 1 1 1 1 1 1 1 1 1 1 1 1 1 1 1 1 1 
1 1 1 1 1 1 1 1 1 1 1 1 1 1 1 1 1 1 1 1 1 1 1 1 1 1 1 
1 1 1 1 1 1 1 1 1 1 1 1 1 1 1 1 1 1 1 1 1 1 1 1 1 1 1 
1 1 1 1 1 1 1 1 1 1 1 1 1 1 1 1 1 1 1 1 1 1 1 1 1 1 1 
1 1 1 1 1 1 1 1 1 1 1 1 1 1 1 1 1 1 1 1 1 1 1 1 1 1 1 
1 1 1 1 1 1 1 1 1 1 1 1 1 1 1 1 1 1 1 1 1 1 1 1 1 1 1 
1 1 1 1 1 1 1 1 1 1 1 1 1 1 1 1 1 1 1 1 1 1 1 1 1 1 1 
1 1 1 1 1 1 1 1 1 1 1 1 1 1 1 1 1 1 1 1 1 1 1 1 1 1 1 
1 1 1 1 1 1 1 1 1 1 1 1 1 1 1 1 1 1 1 1 1 1 1 1 1 1 1 
1 1 1 1 1 1 1 1 1 1 1 1 1 1 1 1 1 1 1 1 1 1 1 1 1 1 1 
1 1 1 1 1 1 1 1 1 1 1 1 1 1 1 1 1 1 1 1 1 1 1 1 1 1 1 
1 1 1 1 1 1 1 1 1 1 1 1 1 1 1 1 1 1 1 1 1 1 1 1 1 1 1 
0 0 0 0 0 0 0 0 0 0 0 0 0 0 0 0 0 0 0 0 0 0 0 0 0 0 0 
