FR176
11 11
0.499435 0.399551 0.399551 0.399551 0.399551 0.399551 0.399551 0.299667 0.399551 0.399551 0 
0.399551 0.199783 0.299667 0.299667 0.299667 0.599335 0.399551 0.199783 0.299667 0.499435 0 
0.399551 0.299667 0.399551 0.799103 0.898987 1.09877 0.699219 0.199783 0.099884 0.199783 0 
0.299667 0.499435 0.699219 1.09877 1.69809 1.49832 1.09877 0.399551 0.099884 0 0 
0.299667 0.399551 0.998886 1.49832 1.79799 1.69809 1.59821 0.898987 0.199783 0.199783 0 
0.199783 0.399551 0.898987 1.49832 1.69809 1.79799 1.79799 1.09877 0.499435 0.399551 0 
0.199783 0.299667 0.699219 1.29854 1.69809 1.89787 1.69809 0.799103 0.199783 0.299667 0 
0.399551 0.299667 0.399551 0.898987 1.19865 1.19865 0.998886 0.399551 0 0.199783 0 
0.499435 0.399551 0.299667 0.299667 0.499435 0.499435 0.299667 0.099884 0.199783 0.399551 0 
0.499435 0.499435 0.199783 0.199783 0.299667 0.299667 0.299667 0.299667 0.399551 0.499435 0 
0 0 0 0 0 0 0 0 0 0 0 
1 1 1 1 1 1 1 1 1 1 0 
1 1 1 1 1 1 1 1 1 1 0 
1 1 1 1 1 1 1 1 1 1 0 
1 1 1 1 1 1 1 1 1 1 0 
1 1 1 1 1 1 1 1 1 1 0 
1 1 1 1 1 1 1 1 1 1 0 
1 1 1 1 1 1 1 1 1 1 0 
1 1 1 1 1 1 1 1 1 1 0 
1 1 1 1 1 1 1 1 1 1 0 
1 1 1 1 1 1 1 1 1 1 0 
0 0 0 0 0 0 0 0 0 0 0 
