FR173
9 9
0.399567 0.399567 0.299683 0.299683 0.199783 0.499451 0.499451 0.59935 0.699234 
0.399567 0.399567 0.399567 0.399567 0.499451 0.499451 0.399567 0.399567 0.59935 
0.299683 0.399567 0.59935 0.799133 0.998901 0.998901 0.699234 0.399567 0.499451 
0 0.0998993 0.699234 0.899017 1.0988 1.0988 0.799133 0.499451 0.499451 
0.0998993 0.199783 0.699234 1.0988 1.19868 1.29858 0.998901 0.699234 0.59935 
0 0.0998993 0.399567 0.998901 1.29858 1.49835 1.19868 0.899017 0.59935 
0 0 0.299683 0.699234 0.899017 0.998901 0.998901 0.799133 0.699234 
0.199783 0.0998993 0.0998993 0.399567 0.499451 0.499451 0.59935 0.499451 0.59935 
0.199783 0.299683 0.0998993 0.0998993 0.299683 0.399567 0.399567 0.499451 0.59935 
1 1 1 1 1 1 1 1 1 
1 1 1 1 1 1 1 1 1 
1 1 1 1 1 1 1 1 1 
1 1 1 1 1 1 1 1 1 
1 1 1 1 1 1 1 1 1 
1 1 1 1 1 1 1 1 1 
1 1 1 1 1 1 1 1 1 
1 1 1 1 1 1 1 1 1 
1 1 1 1 1 1 1 1 1 
