FR172
9 9
0.199783 0.199783 0.299667 0.399567 0.499451 0.499451 0.499451 0.59935 0 
0.0998993 0.399567 0.499451 0.799133 0.59935 0.399567 0.399567 0.499451 0 
0.0998993 0.59935 0.799133 1.19868 0.998901 0.699234 0.499451 0.59935 0 
0 0.59935 1.0988 1.39847 1.29858 0.998901 0.699234 0.699234 0 
0.0998993 0.59935 1.19868 1.29858 1.19868 0.998901 0.499451 0.399567 0 
0.0998993 0.699234 1.19868 1.0988 0.899017 0.699234 0.399567 0.399567 0 
0 0.399567 0.59935 0.59935 0.59935 0.499451 0.399567 0.399567 0 
0 0.0998993 0.0998993 0.299667 0.399567 0.399567 0.299667 0.399567 0 
0.199783 0.299667 0.299667 0.299667 0.299667 0.299667 0.299667 0.499451 0 
1 1 1 1 1 1 1 1 0 
1 1 1 1 1 1 1 1 0 
1 1 1 1 1 1 1 1 0 
1 1 1 1 1 1 1 1 0 
1 1 1 1 1 1 1 1 0 
1 1 1 1 1 1 1 1 0 
1 1 1 1 1 1 1 1 0 
1 1 1 1 1 1 1 1 0 
1 1 1 1 1 1 1 1 0 
