FR2
9 9
0.39978 0.39978 0.19989 0.0999451 0.19989 0.19989 0.299835 0.19989 0 
0.499725 0.59967 0.299835 0.19989 0.299835 0.39978 0.39978 0.39978 0.299835 
0.499725 0.699615 0.59967 0.499725 0.59967 0.699615 0.699615 0.699615 0.59967 
0.39978 0.499725 0.799561 0.799561 0.799561 0.799561 0.799561 0.899498 0.899498 
0.699615 0.699615 0.899498 0.999443 1.09939 0.899498 0.699615 1.09939 1.09939 
0.799561 0.899498 0.999443 1.19933 1.29928 0.799561 0.699615 1.09939 1.19933 
0.799561 0.799561 1.09939 1.19933 1.09939 0.899498 0.899498 0.999443 1.19933 
0.899498 0.699615 0.999443 1.09939 0.999443 0.899498 0.999443 0.999443 0.999443 
0.999443 1.09939 1.09939 1.19933 1.29928 1.19933 1.09939 1.09939 1.19933 
1 1 1 1 1 1 1 1 1 
1 1 1 1 1 1 1 1 1 
1 1 1 1 1 1 1 1 1 
1 1 1 1 1 1 1 1 1 
1 1 1 1 1 1 1 1 1 
1 1 1 1 1 1 1 1 1 
1 1 1 1 1 1 1 1 1 
1 1 1 1 1 1 1 1 1 
1 1 1 1 1 1 1 1 1 
