FR22
15 15
0 0 0 0 0 0 0 0 0 0 0 0 0 0 0 
1.39952 1.39952 1.59946 1.49948 1.49948 1.49948 1.59946 1.59946 1.69942 1.59946 1.49948 1.49948 1.59946 1.69942 0 
1.39952 1.39952 1.39952 1.29956 1.29956 1.49948 1.69942 1.69942 1.69942 1.69942 1.69942 1.59946 1.69942 1.69942 0 
1.09962 1.19958 0.899689 0.799728 1.09962 1.49948 1.69942 1.89935 1.89935 1.99931 1.79938 1.59946 1.59946 1.69942 0 
0.699753 0.699753 0.599792 0.699753 1.09962 1.69942 1.99931 2.19925 2.09927 2.09927 1.89935 1.59946 1.29956 1.49948 0 
0.599792 0.599792 0.499832 0.999649 1.39952 1.79938 2.19925 2.49915 2.29921 2.29921 2.19925 1.79938 1.29956 1.19958 0 
0.599792 0.699753 0.599792 0.999649 1.49948 1.99931 2.39919 2.69908 2.69908 2.69908 2.59911 1.99931 1.29956 1.09962 0 
0.699753 0.699753 0.699753 1.19958 1.69942 1.89935 2.39919 2.899 2.899 2.79904 2.59911 1.99931 1.29956 0.999649 0 
0.799728 0.699753 0.699753 1.19958 1.39952 1.79938 2.59911 2.79904 2.899 2.69908 2.29921 1.79938 1.19958 0.999649 0 
0.699753 0.899689 0.699753 0.799728 1.09962 1.89935 2.59911 2.69908 2.69908 2.29921 1.79938 1.49948 1.19958 1.19958 0 
0.599792 0.799728 0.699753 0.599792 0.899689 1.59946 2.09927 2.29921 2.29921 2.19925 1.89935 1.49948 1.39952 1.49948 0 
0.299896 0.599792 0.599792 0.699753 0.799728 1.19958 1.39952 1.69942 1.79938 1.79938 1.79938 1.69942 1.69942 1.79938 0 
0 0.199936 0.599792 0.799728 0.799728 0.899689 0.999649 1.09962 1.19958 1.39952 1.59946 1.79938 1.79938 1.79938 0 
0 0 0 0 0 0 0 0 0 0 0 0 0 0 0 
0 0 0 0 0 0 0 0 0 0 0 0 0 0 0 
0 0 0 0 0 0 0 0 0 0 0 0 0 0 0 
1 1 1 1 1 1 1 1 1 1 1 1 1 1 0 
1 1 1 1 1 1 1 1 1 1 1 1 1 1 0 
1 1 1 1 1 1 1 1 1 1 1 1 1 1 0 
1 1 1 1 1 1 1 1 1 1 1 1 1 1 0 
1 1 1 1 1 1 1 1 1 1 1 1 1 1 0 
1 1 1 1 1 1 1 1 1 1 1 1 1 1 0 
1 1 1 1 1 1 1 1 1 1 1 1 1 1 0 
1 1 1 1 1 1 1 1 1 1 1 1 1 1 0 
1 1 1 1 1 1 1 1 1 1 1 1 1 1 0 
1 1 1 1 1 1 1 1 1 1 1 1 1 1 0 
1 1 1 1 1 1 1 1 1 1 1 1 1 1 0 
1 1 1 1 1 1 1 1 1 1 1 1 1 1 0 
0 0 0 0 0 0 0 0 0 0 0 0 0 0 0 
0 0 0 0 0 0 0 0 0 0 0 0 0 0 0 
