FR23
13 13
0 0 0 0 0 0 0 0 0 0 0 0 0 
0.699768 0.599808 0.499832 0.599808 0.899704 0.899704 0.799728 0.799728 0.799728 0.799728 0.599808 0.599808 0 
0.499832 0.299911 0.399872 0.499832 0.899704 0.899704 0.799728 0.899704 0.899704 0.799728 0.699768 0.599808 0 
0.199936 0.199936 0.399872 0.799728 0.999664 1.1996 1.1996 1.09962 0.999664 0.799728 0.599808 0.499832 0 
0.199936 0.199936 0.599808 0.999664 1.29956 1.4995 1.4995 1.29956 1.09962 0.799728 0.399872 0.399872 0 
0.299911 0.299911 0.599808 1.09962 1.59946 1.79939 1.79939 1.39954 0.999664 0.699768 0.399872 0.499832 0 
0.199936 0.499832 0.899704 1.1996 1.59946 1.69943 1.59946 1.4995 0.999664 0.599808 0.499832 0.599808 0 
0.299911 0.399872 0.899704 1.1996 1.39954 1.69943 1.69943 1.59946 0.999664 0.399872 0.199936 0.499832 0 
0.499832 0.399872 0.699768 0.899704 1.1996 1.39954 1.39954 1.09962 0.699768 0.0999756 0 0.399872 0 
0.599808 0.499832 0.499832 0.599808 0.799728 0.899704 0.899704 0.799728 0.399872 0.0999756 0 0.499832 0 
0.699768 0.599808 0.499832 0.499832 0.499832 0.299911 0.499832 0.499832 0.299911 0.199936 0.299911 0.499832 0 
0.699768 0.499832 0.399872 0.399872 0.0999756 0.0999756 0.199936 0.399872 0.499832 0.399872 0.399872 0.599808 0 
0 0 0 0 0 0 0 0 0 0 0 0 0 
0 0 0 0 0 0 0 0 0 0 0 0 0 
1 1 1 1 1 1 1 1 1 1 1 1 0 
1 1 1 1 1 1 1 1 1 1 1 1 0 
1 1 1 1 1 1 1 1 1 1 1 1 0 
1 1 1 1 1 1 1 1 1 1 1 1 0 
1 1 1 1 1 1 1 1 1 1 1 1 0 
1 1 1 1 1 1 1 1 1 1 1 1 0 
1 1 1 1 1 1 1 1 1 1 1 1 0 
1 1 1 1 1 1 1 1 1 1 1 1 0 
1 1 1 1 1 1 1 1 1 1 1 1 0 
1 1 1 1 1 1 1 1 1 1 1 1 0 
1 1 1 1 1 1 1 1 1 1 1 1 0 
0 0 0 0 0 0 0 0 0 0 0 0 0 
