FR24
9 9
0 0 0 0 0 0 0 0 0 
0.49971 0.59964 0.59964 0.399765 0.399765 0.49971 0.59964 0.59964 0 
0.399765 0.49971 0.79953 0.699585 0.59964 0.399765 0.59964 0.59964 0 
0.29982 0.399765 0.699585 0.89946 0.699585 0.399765 0.29982 0.49971 0 
0.0999451 0.29982 0.59964 0.59964 0.49971 0.29982 0.29982 0.59964 0 
0.0999451 0.0999451 0.29982 0.29982 0.19989 0.0999451 0.29982 0.59964 0 
0 0.0999451 0.0999451 0.0999451 0.0999451 0.19989 0.399765 0.399765 0 
0 0 0.0999451 0.0999451 0.0999451 0.19989 0.19989 0.29982 0 
0 0 0 0 0 0 0 0 0 
0 0 0 0 0 0 0 0 0 
1 1 1 1 1 1 1 1 0 
1 1 1 1 1 1 1 1 0 
1 1 1 1 1 1 1 1 0 
1 1 1 1 1 1 1 1 0 
1 1 1 1 1 1 1 1 0 
1 1 1 1 1 1 1 1 0 
1 1 1 1 1 1 1 1 0 
0 0 0 0 0 0 0 0 0 
