FR29
9 9
0.999466 0.899521 0.999466 0.899521 0.999466 0.999466 1.19936 1.09941 1.09941 
1.09941 0.899521 0.59967 0.799576 1.09941 1.29932 1.29932 0.899521 0.899521 
1.09941 0.899521 0.799576 1.09941 1.39926 1.39926 1.29932 0.899521 0.899521 
1.09941 0.799576 0.899521 1.29932 1.19936 1.29932 1.19936 0.999466 0.799576 
0.699631 0.699631 0.799576 1.19936 1.29932 1.09941 0.699631 0.59967 0.499725 
0.699631 0.59967 0.699631 0.999466 1.19936 0.799576 0.59967 0.499725 0.499725 
0.39978 0.39978 0.299835 0.59967 0.699631 0.499725 0.299835 0.19989 0.19989 
0.39978 0.299835 0.19989 0.299835 0.19989 0.19989 0.19989 0.0999451 0.19989 
0.19989 0.19989 0 0.0999451 0 0.0999451 0.0999451 0.0999451 0.0999451 
1 1 1 1 1 1 1 1 1 
1 1 1 1 1 1 1 1 1 
1 1 1 1 1 1 1 1 1 
1 1 1 1 1 1 1 1 1 
1 1 1 1 1 1 1 1 1 
1 1 1 1 1 1 1 1 1 
1 1 1 1 1 1 1 1 1 
1 1 1 1 1 1 1 1 1 
1 1 1 1 1 1 1 1 1 
