FR32
7 7
0 0 0.0999451 0.0999451 0.29982 0.399765 0 
0.199875 0.29982 0.29982 0.499695 0.499695 0.59964 0 
0.499695 0.59964 0.799515 0.799515 0.699585 0.59964 0 
0.699585 0.799515 1.09933 0.999405 0.799515 0.699585 0 
0.499695 0.799515 0.999405 0.999405 0.799515 0.89946 0 
0.59964 0.699585 0.699585 0.799515 0.799515 0.89946 0 
0.699585 0.699585 0.699585 0.799515 0.89946 0.999405 0 
1 1 1 1 1 1 0 
1 1 1 1 1 1 0 
1 1 1 1 1 1 0 
1 1 1 1 1 1 0 
1 1 1 1 1 1 0 
1 1 1 1 1 1 0 
1 1 1 1 1 1 0 
