FR35
23 23
0 0.699715 0.699715 0.799675 0.799675 0.699715 0.599754 0.599754 0.599754 0.499802 0.499802 0.499802 0.399841 0.499802 0.599754 0.599754 0.699715 0.799675 0.899635 0.899635 0.899635 0.899635 0 
0 0.599754 0.699715 0.699715 0.599754 0.499802 0.399841 0.399841 0.399841 0.399841 0.399841 0.299881 0.399841 0.399841 0.399841 0.399841 0.499802 0.599754 0.699715 0.699715 0.799675 0.899635 0 
0 0.599754 0.599754 0.599754 0.499802 0.299881 0.199921 0.299881 0.299881 0.399841 0.399841 0.299881 0.299881 0.299881 0.299881 0.299881 0.299881 0.399841 0.599754 0.699715 0.799675 0.799675 0 
0 0.599754 0.599754 0.499802 0.299881 0.199921 0.199921 0.299881 0.399841 0.499802 0.599754 0.699715 0.499802 0.499802 0.699715 0.699715 0.299881 0.299881 0.299881 0.599754 0.699715 0.799675 0 
0 0.499802 0.399841 0.299881 0.299881 0.199921 0.299881 0.399841 0.599754 0.699715 0.899635 0.999596 0.899635 0.899635 1.19952 0.999596 0.499802 0.299881 0.299881 0.299881 0.399841 0.599754 0 
0 0.299881 0.299881 0.299881 0.199921 0.199921 0.399841 0.599754 0.899635 1.09956 1.19952 1.29948 1.29948 1.39944 1.59935 1.29948 0.899635 0.799675 0.399841 0.299881 0.299881 0.399841 0 
0 0.399841 0.199921 0.0999603 0.0999603 0.399841 0.699715 0.999596 1.19952 1.39944 1.39944 1.49939 1.59935 1.69931 1.69931 1.39944 1.39944 0.999596 0.499802 0.299881 0.299881 0.299881 0 
0 0.399841 0.199921 0.0999603 0.0999603 0.399841 0.899635 1.29948 1.49939 1.49939 1.69931 1.79927 1.69931 1.79927 1.79927 1.59935 1.39944 1.19952 0.699715 0.299881 0.199921 0.299881 0 
0 0.299881 0.0999603 0.199921 0.199921 0.699715 1.09956 1.29948 1.59935 1.69931 1.79927 1.79927 1.69931 1.69931 1.69931 1.69931 1.59935 1.39944 0.899635 0.499802 0.299881 0.299881 0 
0 0.199921 0.199921 0.299881 0.399841 0.899635 1.29948 1.59935 1.59935 1.59935 1.69931 1.69931 1.69931 1.79927 1.69931 1.69931 1.69931 1.39944 0.999596 0.599754 0.399841 0.499802 0 
0 0.0999603 0.199921 0.399841 0.599754 0.999596 1.29948 1.59935 1.59935 1.59935 1.69931 1.39944 1.69931 1.79927 1.69931 1.69931 1.59935 1.49939 1.09956 0.699715 0.399841 0.399841 0 
0 0.199921 0.0999603 0.299881 0.599754 0.999596 1.39944 1.59935 1.59935 1.59935 1.59935 1.39944 1.39944 1.69931 1.79927 1.89923 1.69931 1.49939 1.09956 0.699715 0.399841 0.399841 0 
0 0.199921 0.0999603 0.0999603 0.399841 0.899635 1.39944 1.49939 1.59935 1.49939 1.39944 1.49939 1.39944 1.49939 1.69931 1.69931 1.59935 1.39944 0.899635 0.599754 0.299881 0.199921 0 
0 0.0999603 0 0 0.299881 0.799675 1.29948 1.49939 1.59935 1.39944 1.09956 1.19952 1.59935 1.69931 1.69931 1.69931 1.59935 1.29948 0.799675 0.499802 0.299881 0.199921 0 
0 0.0999603 0 0 0.399841 0.799675 1.09956 1.39944 1.49939 1.49939 1.39944 1.29948 1.69931 1.69931 1.59935 1.59935 1.49939 0.999596 0.599754 0.399841 0.299881 0.199921 0 
0 0.0999603 0 0 0.199921 0.499802 0.899635 1.09956 1.29948 1.29948 1.49939 1.59935 1.69931 1.49939 1.59935 1.29948 0.999596 0.599754 0.399841 0.299881 0.299881 0.299881 0 
0 0.199921 0.0999603 0 0 0.199921 0.499802 0.899635 1.09956 0.999596 1.39944 1.49939 1.49939 1.49939 1.29948 0.899635 0.599754 0.399841 0.299881 0.199921 0.199921 0.299881 0 
0 0.299881 0.199921 0.0999603 0 0 0.199921 0.499802 0.699715 0.699715 0.999596 1.09956 1.09956 1.19952 0.799675 0.499802 0.399841 0.199921 0.199921 0.199921 0.299881 0.499802 0 
0 0.299881 0.199921 0.0999603 0 0 0.0999603 0.199921 0.299881 0.399841 0.599754 0.699715 0.699715 0.599754 0.299881 0.299881 0.299881 0.199921 0.0999603 0.199921 0.499802 0.599754 0 
0 0.299881 0.199921 0.0999603 0.0999603 0.0999603 0 0.0999603 0.0999603 0.0999603 0.199921 0.499802 0.499802 0.499802 0.299881 0.0999603 0.0999603 0.0999603 0.0999603 0.299881 0.499802 0.599754 0 
0 0.299881 0.199921 0.199921 0.199921 0.199921 0.0999603 0 0 0 0.0999603 0.0999603 0.199921 0.199921 0.199921 0.0999603 0.0999603 0.199921 0.199921 0.399841 0.599754 0.599754 0 
0 0.299881 0.199921 0.299881 0.399841 0.299881 0.299881 0.199921 0.0999603 0.0999603 0.0999603 0.199921 0.0999603 0.199921 0.299881 0.299881 0.199921 0.299881 0.399841 0.499802 0.599754 0.599754 0 
0 0.299881 0.299881 0.399841 0.399841 0.299881 0.499802 0.299881 0.299881 0.299881 0.299881 0.299881 0.399841 0.299881 0.599754 0.699715 0.499802 0.499802 0.599754 0.599754 0.799675 0.799675 0 
0 1 1 1 1 1 1 1 1 1 1 1 1 1 1 1 1 1 1 1 1 1 0 
0 1 1 1 1 1 1 1 1 1 1 1 1 1 1 1 1 1 1 1 1 1 0 
0 1 1 1 1 1 1 1 1 1 1 1 1 1 1 1 1 1 1 1 1 1 0 
0 1 1 1 1 1 1 1 1 1 1 1 1 1 1 1 1 1 1 1 1 1 0 
0 1 1 1 1 1 1 1 1 1 1 1 1 1 1 1 1 1 1 1 1 1 0 
0 1 1 1 1 1 1 1 1 1 1 1 1 1 1 1 1 1 1 1 1 1 0 
0 1 1 1 1 1 1 1 1 1 1 1 1 1 1 1 1 1 1 1 1 1 0 
0 1 1 1 1 1 1 1 1 1 1 1 1 1 1 1 1 1 1 1 1 1 0 
0 1 1 1 1 1 1 1 1 1 1 1 1 1 1 1 1 1 1 1 1 1 0 
0 1 1 1 1 1 1 1 1 1 1 1 1 1 1 1 1 1 1 1 1 1 0 
0 1 1 1 1 1 1 1 1 1 1 1 1 1 1 1 1 1 1 1 1 1 0 
0 1 1 1 1 1 1 1 1 1 1 1 1 1 1 1 1 1 1 1 1 1 0 
0 1 1 1 1 1 1 1 1 1 1 1 1 1 1 1 1 1 1 1 1 1 0 
0 1 1 1 1 1 1 1 1 1 1 1 1 1 1 1 1 1 1 1 1 1 0 
0 1 1 1 1 1 1 1 1 1 1 1 1 1 1 1 1 1 1 1 1 1 0 
0 1 1 1 1 1 1 1 1 1 1 1 1 1 1 1 1 1 1 1 1 1 0 
0 1 1 1 1 1 1 1 1 1 1 1 1 1 1 1 1 1 1 1 1 1 0 
0 1 1 1 1 1 1 1 1 1 1 1 1 1 1 1 1 1 1 1 1 1 0 
0 1 1 1 1 1 1 1 1 1 1 1 1 1 1 1 1 1 1 1 1 1 0 
0 1 1 1 1 1 1 1 1 1 1 1 1 1 1 1 1 1 1 1 1 1 0 
0 1 1 1 1 1 1 1 1 1 1 1 1 1 1 1 1 1 1 1 1 1 0 
0 1 1 1 1 1 1 1 1 1 1 1 1 1 1 1 1 1 1 1 1 1 0 
0 1 1 1 1 1 1 1 1 1 1 1 1 1 1 1 1 1 1 1 1 1 0 
