FR36
11 11
0.199913 0.199913 0.199913 0.199913 0.199913 0.199913 0.199913 0.199913 0.299873 0.299873 0 
0.199913 0.199913 0.199913 0 0.0999603 0.199913 0.199913 0.199913 0.199913 0.299873 0 
0.199913 0.199913 0.199913 0.199913 0.399834 0.599754 0.299873 0.199913 0.199913 0.199913 0 
0.0999603 0.199913 0.299873 0.499794 0.599754 0.899635 0.599754 0.399834 0.299873 0.199913 0 
0.0999603 0.0999603 0.399834 0.699715 0.699715 0.899635 0.799675 0.599754 0.199913 0.199913 0 
0.0999603 0 0.199913 0.599754 0.799675 0.999596 0.799675 0.499794 0.199913 0.0999603 0 
0.0999603 0.0999603 0.0999603 0.399834 0.699715 0.799675 0.799675 0.399834 0.0999603 0 0 
0.0999603 0.0999603 0 0.199913 0.499794 0.699715 0.599754 0.299873 0.0999603 0 0 
0.0999603 0 0 0.199913 0.199913 0.299873 0.299873 0.199913 0.0999603 0.0999603 0 
0 0 0.0999603 0.199913 0.0999603 0.0999603 0.199913 0.199913 0.0999603 0.0999603 0 
0 0 0 0 0 0 0 0 0 0 0 
1 1 1 1 1 1 1 1 1 1 0 
1 1 1 1 1 1 1 1 1 1 0 
1 1 1 1 1 1 1 1 1 1 0 
1 1 1 1 1 1 1 1 1 1 0 
1 1 1 1 1 1 1 1 1 1 0 
1 1 1 1 1 1 1 1 1 1 0 
1 1 1 1 1 1 1 1 1 1 0 
1 1 1 1 1 1 1 1 1 1 0 
1 1 1 1 1 1 1 1 1 1 0 
1 1 1 1 1 1 1 1 1 1 0 
0 0 0 0 0 0 0 0 0 0 0 
