FR38
15 15
0 0 0 0 0 0 0 0 0 0 0 0 0 0 0 
0.299873 0.199921 0.199921 0.199921 0.299873 0.399834 0.599754 0.399834 0.399834 0.299873 0.399834 0.499794 0.499794 0.499794 0 
0.199921 0.199921 0.199921 0.199921 0.399834 0.599754 0.699715 0.599754 0.499794 0.399834 0.499794 0.499794 0.399834 0.399834 0 
0.199921 0.0999603 0.299873 0.399834 0.599754 0.599754 0.699715 0.699715 0.699715 0.599754 0.499794 0.499794 0.499794 0.399834 0 
0.0999603 0.0999603 0.299873 0.499794 0.599754 0.899635 0.999596 0.999596 0.899635 0.799675 0.799675 0.499794 0.499794 0.499794 0 
0.0999603 0.0999603 0.299873 0.499794 0.799675 0.999596 1.29947 1.29947 1.09956 0.899635 0.699715 0.599754 0.499794 0.499794 0 
0.0999603 0.0999603 0.299873 0.699715 0.999596 1.19952 1.39943 1.29947 1.09956 0.999596 0.899635 0.799675 0.699715 0.499794 0 
0 0.0999603 0.299873 0.599754 0.999596 1.09956 1.19952 1.19952 1.09956 0.999596 0.999596 0.799675 0.599754 0.499794 0 
0.0999603 0.0999603 0.0999603 0.499794 0.799675 1.09956 1.09956 1.09956 0.999596 0.899635 0.899635 0.699715 0.699715 0.599754 0 
0.0999603 0.0999603 0.0999603 0.399834 0.699715 0.899635 0.999596 0.999596 0.899635 0.699715 0.799675 0.799675 0.799675 0.799675 0 
0.0999603 0.0999603 0.199921 0.199921 0.399834 0.599754 0.699715 0.699715 0.499794 0.499794 0.499794 0.499794 0.499794 0.699715 0 
0.199921 0.299873 0.299873 0.299873 0.299873 0.399834 0.499794 0.499794 0.499794 0.499794 0.399834 0.299873 0.599754 0.799675 0 
0.299873 0.399834 0.399834 0.299873 0.399834 0.399834 0.399834 0.499794 0.499794 0.499794 0.299873 0.399834 0.599754 0.699715 0 
0 0 0 0 0 0 0 0 0 0 0 0 0 0 0 
0 0 0 0 0 0 0 0 0 0 0 0 0 0 0 
0 0 0 0 0 0 0 0 0 0 0 0 0 0 0 
1 1 1 1 1 1 1 1 1 1 1 1 1 1 0 
1 1 1 1 1 1 1 1 1 1 1 1 1 1 0 
1 1 1 1 1 1 1 1 1 1 1 1 1 1 0 
1 1 1 1 1 1 1 1 1 1 1 1 1 1 0 
1 1 1 1 1 1 1 1 1 1 1 1 1 1 0 
1 1 1 1 1 1 1 1 1 1 1 1 1 1 0 
1 1 1 1 1 1 1 1 1 1 1 1 1 1 0 
1 1 1 1 1 1 1 1 1 1 1 1 1 1 0 
1 1 1 1 1 1 1 1 1 1 1 1 1 1 0 
1 1 1 1 1 1 1 1 1 1 1 1 1 1 0 
1 1 1 1 1 1 1 1 1 1 1 1 1 1 0 
1 1 1 1 1 1 1 1 1 1 1 1 1 1 0 
0 0 0 0 0 0 0 0 0 0 0 0 0 0 0 
0 0 0 0 0 0 0 0 0 0 0 0 0 0 0 
