FR4
23 23
0 0 0 0 0 0 0 0 0 0 0 0 0 0 0 0 0 0 0 0 0 0 0 
0.19989 0.19989 0.0999451 0.19989 0.19989 0.19989 0.19989 0.19989 0.0999451 0.0999451 0.19989 0.19989 0.19989 0.19989 0.299835 0.39978 0.39978 0.299835 0.299835 0.39978 0.39978 0.39978 0 
0.299835 0.39978 0.299835 0.19989 0.19989 0.299835 0.299835 0.19989 0.19989 0.19989 0.0999451 0.0999451 0.19989 0.19989 0.19989 0.39978 0.299835 0.299835 0.299835 0.39978 0.299835 0.39978 0 
0.39978 0.39978 0.19989 0.0999451 0.0999451 0.19989 0.299835 0.299835 0.19989 0.19989 0.19989 0.19989 0.0999451 0.19989 0.299835 0.299835 0.39978 0.39978 0.39978 0.39978 0.299835 0.39978 0 
0.39978 0.39978 0.299835 0.0999451 0.0999451 0.299835 0.299835 0.299835 0.299835 0.59967 0.499725 0.499725 0.299835 0.19989 0.299835 0.499725 0.499725 0.499725 0.499725 0.59967 0.499725 0.499725 0 
0.39978 0.499725 0.299835 0.19989 0.0999451 0.299835 0.39978 0.499725 0.499725 0.699615 0.699615 0.59967 0.499725 0.299835 0.299835 0.39978 0.499725 0.39978 0.499725 0.699615 0.699615 0.699615 0 
0.499725 0.39978 0.19989 0.19989 0.299835 0.499725 0.699615 0.799561 0.899506 1.0994 1.0994 0.999451 0.799561 0.699615 0.39978 0.299835 0.499725 0.499725 0.59967 0.699615 0.59967 0.59967 0 
0.499725 0.299835 0.19989 0.39978 0.699615 0.699615 1.0994 1.0994 1.29929 1.39923 1.39923 1.19934 1.0994 0.999451 0.699615 0.39978 0.499725 0.59967 0.699615 0.699615 0.699615 0.59967 0 
0.39978 0.299835 0.499725 1.0994 1.19934 0.899506 1.29929 1.49918 1.59912 1.59912 1.69907 1.59912 1.39923 1.0994 0.899506 0.499725 0.39978 0.499725 0.59967 0.799561 0.799561 0.699615 0 
0.39978 0.299835 0.39978 0.999451 1.29929 1.0994 1.29929 1.69907 1.89896 1.69907 1.79901 1.69907 1.69907 1.39923 1.0994 0.799561 0.499725 0.59967 0.699615 0.699615 0.799561 0.799561 0 
0.499725 0.299835 0.19989 0.799561 1.19934 1.29929 1.29929 1.69907 1.9989 1.89896 1.89896 1.79901 1.79901 1.39923 1.0994 0.799561 0.59967 0.59967 0.699615 0.799561 0.799561 0.699615 0 
0.499725 0.0999451 0.299835 0.899506 1.29929 1.39923 1.49918 1.69907 2.09885 2.09885 1.9989 1.9989 1.89896 1.59912 1.19934 0.799561 0.59967 0.59967 0.59967 0.799561 0.899506 0.799561 0 
0.39978 0 0.299835 0.899506 1.39923 1.39923 1.49918 1.59912 2.09885 2.09885 2.09885 2.19878 1.9989 1.59912 1.19934 0.799561 0.699615 0.59967 0.39978 0.699615 0.799561 0.699615 0 
0.19989 0 0.19989 0.799561 1.39923 1.39923 1.39923 1.39923 1.9989 2.09885 1.9989 2.09885 1.89896 1.49918 1.0994 0.59967 0.59967 0.39978 0.499725 0.699615 0.799561 0.699615 0 
0.299835 0.19989 0.0999451 0.699615 1.19934 1.29929 1.29929 1.19934 1.79901 1.9989 1.89896 1.89896 1.89896 1.49918 0.999451 0.499725 0.499725 0.59967 0.59967 0.699615 0.799561 0.799561 0 
0.39978 0.39978 0.0999451 0.299835 0.899506 1.29929 1.19934 1.19934 1.29929 1.59912 1.79901 1.79901 1.69907 1.19934 0.799561 0.499725 0.299835 0.699615 0.799561 0.899506 0.699615 0.799561 0 
0.499725 0.39978 0.0999451 0 0.499725 0.799561 0.999451 0.799561 1.0994 1.39923 1.59912 1.39923 1.0994 0.999451 0.699615 0.499725 0.499725 0.799561 0.799561 0.899506 0.799561 0.799561 0 
0.499725 0.299835 0.19989 0 0.0999451 0.299835 0.499725 0.899506 0.899506 0.899506 0.699615 0.59967 0.59967 0.699615 0.699615 0.699615 0.699615 0.699615 0.799561 0.799561 0.799561 0.799561 0 
0.499725 0.499725 0.299835 0.19989 0.299835 0.299835 0.299835 0.39978 0.59967 0.59967 0.499725 0.499725 0.59967 0.699615 0.699615 0.699615 0.799561 0.699615 0.799561 0.799561 0.799561 0.799561 0 
0.59967 0.59967 0.39978 0.499725 0.59967 0.699615 0.499725 0.39978 0.499725 0.499725 0.59967 0.59967 0.59967 0.59967 0.699615 0.799561 0.799561 0.899506 0.799561 0.799561 0.899506 0.999451 0 
0.59967 0.59967 0.59967 0.699615 0.799561 0.799561 0.699615 0.699615 0.59967 0.499725 0.59967 0.59967 0.499725 0.799561 0.899506 0.799561 0.899506 0.999451 0.899506 0.899506 0.899506 0.999451 0 
0 0 0 0 0 0 0 0 0 0 0 0 0 0 0 0 0 0 0 0 0 0 0 
0 0 0 0 0 0 0 0 0 0 0 0 0 0 0 0 0 0 0 0 0 0 0 
0 0 0 0 0 0 0 0 0 0 0 0 0 0 0 0 0 0 0 0 0 0 0 
1 1 1 1 1 1 1 1 1 1 1 1 1 1 1 1 1 1 1 1 1 1 0 
1 1 1 1 1 1 1 1 1 1 1 1 1 1 1 1 1 1 1 1 1 1 0 
1 1 1 1 1 1 1 1 1 1 1 1 1 1 1 1 1 1 1 1 1 1 0 
1 1 1 1 1 1 1 1 1 1 1 1 1 1 1 1 1 1 1 1 1 1 0 
1 1 1 1 1 1 1 1 1 1 1 1 1 1 1 1 1 1 1 1 1 1 0 
1 1 1 1 1 1 1 1 1 1 1 1 1 1 1 1 1 1 1 1 1 1 0 
1 1 1 1 1 1 1 1 1 1 1 1 1 1 1 1 1 1 1 1 1 1 0 
1 1 1 1 1 1 1 1 1 1 1 1 1 1 1 1 1 1 1 1 1 1 0 
1 1 1 1 1 1 1 1 1 1 1 1 1 1 1 1 1 1 1 1 1 1 0 
1 1 1 1 1 1 1 1 1 1 1 1 1 1 1 1 1 1 1 1 1 1 0 
1 1 1 1 1 1 1 1 1 1 1 1 1 1 1 1 1 1 1 1 1 1 0 
1 1 1 1 1 1 1 1 1 1 1 1 1 1 1 1 1 1 1 1 1 1 0 
1 1 1 1 1 1 1 1 1 1 1 1 1 1 1 1 1 1 1 1 1 1 0 
1 1 1 1 1 1 1 1 1 1 1 1 1 1 1 1 1 1 1 1 1 1 0 
1 1 1 1 1 1 1 1 1 1 1 1 1 1 1 1 1 1 1 1 1 1 0 
1 1 1 1 1 1 1 1 1 1 1 1 1 1 1 1 1 1 1 1 1 1 0 
1 1 1 1 1 1 1 1 1 1 1 1 1 1 1 1 1 1 1 1 1 1 0 
1 1 1 1 1 1 1 1 1 1 1 1 1 1 1 1 1 1 1 1 1 1 0 
1 1 1 1 1 1 1 1 1 1 1 1 1 1 1 1 1 1 1 1 1 1 0 
1 1 1 1 1 1 1 1 1 1 1 1 1 1 1 1 1 1 1 1 1 1 0 
0 0 0 0 0 0 0 0 0 0 0 0 0 0 0 0 0 0 0 0 0 0 0 
0 0 0 0 0 0 0 0 0 0 0 0 0 0 0 0 0 0 0 0 0 0 0 
