FR40
7 7
0.0999603 0.0999603 0.399841 0.299881 0.399841 0.399841 0.399841 
0 0.0999603 0.299881 0.599762 0.799683 0.599762 0.599762 
0.0999603 0.0999603 0.499802 0.799683 0.999603 0.699722 0.599762 
0.0999603 0.199921 0.399841 0.799683 0.899643 0.699722 0.599762 
0.299881 0.199921 0.199921 0.499802 0.599762 0.499802 0.399841 
0.199921 0.199921 0.299881 0.199921 0.399841 0.399841 0.399841 
0 0 0 0 0 0 0 
1 1 1 1 1 1 1 
1 1 1 1 1 1 1 
1 1 1 1 1 1 1 
1 1 1 1 1 1 1 
1 1 1 1 1 1 1 
1 1 1 1 1 1 1 
0 0 0 0 0 0 0 
