FR41
13 13
0 0 0 0 0 0 0 0 0 0 0 0 0 
0.899818 0.999794 0.999794 0.899818 0.999794 1.09978 0.999794 0.899818 0.799835 0.599876 0.399918 0.299942 0.199959 
0.69986 0.799835 0.899818 0.999794 1.09978 1.19975 1.19975 1.09978 0.799835 0.69986 0.399918 0.299942 0.199959 
0.599876 0.69986 0.799835 1.09978 1.19975 1.19975 1.29974 1.19975 0.999794 0.899818 0.499901 0.299942 0.199959 
0.599876 0.599876 0.799835 1.09978 1.19975 1.29974 1.29974 1.09978 1.09978 0.999794 0.599876 0.199959 0 
0.599876 0.599876 0.899818 0.999794 1.19975 1.29974 1.19975 1.19975 1.09978 1.09978 0.599876 0.199959 0 
0.499901 0.69986 0.899818 0.999794 1.09978 1.19975 1.29974 1.39971 1.29974 0.999794 0.599876 0.299942 0.0999832 
0.399918 0.599876 0.69986 0.899818 1.09978 1.19975 0.999794 1.29974 1.29974 0.899818 0.599876 0.299942 0.0999832 
0.399918 0.499901 0.69986 0.899818 0.999794 1.09978 1.09978 1.19975 1.09978 0.899818 0.499901 0.299942 0.299942 
0.499901 0.499901 0.69986 0.799835 0.999794 0.999794 0.999794 0.899818 0.799835 0.599876 0.499901 0.299942 0.199959 
0.399918 0.599876 0.69986 0.69986 0.69986 0.599876 0.599876 0.599876 0.599876 0.599876 0.399918 0.299942 0.199959 
0.399918 0.499901 0.599876 0.69986 0.599876 0.499901 0.499901 0.499901 0.399918 0.399918 0.399918 0.299942 0.299942 
0 0 0 0 0 0 0 0 0 0 0 0 0 
0 0 0 0 0 0 0 0 0 0 0 0 0 
1 1 1 1 1 1 1 1 1 1 1 1 1 
1 1 1 1 1 1 1 1 1 1 1 1 1 
1 1 1 1 1 1 1 1 1 1 1 1 1 
1 1 1 1 1 1 1 1 1 1 1 1 1 
1 1 1 1 1 1 1 1 1 1 1 1 1 
1 1 1 1 1 1 1 1 1 1 1 1 1 
1 1 1 1 1 1 1 1 1 1 1 1 1 
1 1 1 1 1 1 1 1 1 1 1 1 1 
1 1 1 1 1 1 1 1 1 1 1 1 1 
1 1 1 1 1 1 1 1 1 1 1 1 1 
1 1 1 1 1 1 1 1 1 1 1 1 1 
0 0 0 0 0 0 0 0 0 0 0 0 0 
