FR44
9 9
0.0998917 0 0 0 0 0.0998917 0.0998917 0.0998917 0.299683 
0.299683 0.0998917 0.0998917 0.199791 0.199791 0.199791 0.199791 0.199791 0.299683 
0.0998917 0 0.199791 0.399582 0.499474 0.499474 0.499474 0.299683 0.199791 
0.0998917 0 0.199791 0.399582 0.599373 0.699272 0.799164 0.499474 0.299683 
0 0 0.299683 0.399582 0.699272 0.599373 0.599373 0.499474 0.299683 
0.0998917 0.0998917 0.299683 0.399582 0.499474 0.499474 0.399582 0.299683 0.299683 
0.0998917 0.199791 0.199791 0.299683 0.399582 0.299683 0.199791 0.299683 0.399582 
0.299683 0.299683 0.199791 0.199791 0.299683 0.199791 0.299683 0.399582 0.399582 
0 0 0 0 0 0 0 0 0 
1 1 1 1 1 1 1 1 1 
1 1 1 1 1 1 1 1 1 
1 1 1 1 1 1 1 1 1 
1 1 1 1 1 1 1 1 1 
1 1 1 1 1 1 1 1 1 
1 1 1 1 1 1 1 1 1 
1 1 1 1 1 1 1 1 1 
1 1 1 1 1 1 1 1 1 
0 0 0 0 0 0 0 0 0 
