FR45
9 9
0.799736 0.699768 0.399872 0.49984 0.399872 0.599808 0.599808 0.599808 0 
0.999672 0.899704 0.399872 0.299904 0.49984 0.699768 0.599808 0.699768 0 
0.999672 0.799736 0.399872 0.49984 0.599808 0.699768 0.699768 0.799736 0 
0.599808 0.399872 0.49984 0.699768 0.799736 0.799736 0.699768 0.799736 0 
0.399872 0.299904 0.599808 0.899704 1.09964 0.899704 0.699768 0.699768 0 
0.299904 0.399872 0.699768 0.999672 0.999672 0.799736 0.599808 0.599808 0 
0 0.099968 0.299904 0.599808 0.599808 0.399872 0.299904 0.49984 0 
0.099968 0 0.099968 0.099968 0.199936 0.199936 0.399872 0.699768 0 
0.199936 0.099968 0.099968 0.099968 0.099968 0.299904 0.699768 0.899704 0 
1 1 1 1 1 1 1 1 0 
1 1 1 1 1 1 1 1 0 
1 1 1 1 1 1 1 1 0 
1 1 1 1 1 1 1 1 0 
1 1 1 1 1 1 1 1 0 
1 1 1 1 1 1 1 1 0 
1 1 1 1 1 1 1 1 0 
1 1 1 1 1 1 1 1 0 
1 1 1 1 1 1 1 1 0 
