FR49
7 7
0.199928 0.0999603 0 0.0999603 0.199928 0.299896 0.499825 
0.0999603 0.0999603 0.299896 0.399857 0.599785 0.499825 0.399857 
0 0.0999603 0.599785 0.799713 0.799713 0.699753 0.299896 
0.0999603 0.199928 0.599785 0.899681 0.899681 0.699753 0.499825 
0.299896 0.499825 0.699753 0.999641 0.899681 0.599785 0.399857 
0.499825 0.599785 0.699753 0.799713 0.599785 0.499825 0.399857 
0.699753 0.599785 0.499825 0.499825 0.499825 0.499825 0.499825 
1 1 1 1 1 1 1 
1 1 1 1 1 1 1 
1 1 1 1 1 1 1 
1 1 1 1 1 1 1 
1 1 1 1 1 1 1 
1 1 1 1 1 1 1 
1 1 1 1 1 1 1 
