FR53
11 11
0.399857 0.299896 0.299896 0.299896 0.0999603 0.0999603 0 0.0999603 0.0999603 0.199921 0.199921 
0.399857 0.299896 0.199921 0.199921 0.199921 0.199921 0.199921 0.199921 0.0999603 0.199921 0.0999603 
0.499817 0.399857 0.199921 0.399857 0.699753 0.799713 0.699753 0.499817 0.299896 0.399857 0.299896 
0.499817 0.399857 0.499817 0.899689 1.09962 1.09962 1.19958 0.899689 0.699753 0.499817 0.399857 
0.499817 0.399857 0.699753 1.09962 1.29955 1.39952 1.39952 1.19958 0.899689 0.399857 0.399857 
0.599792 0.699753 0.899689 1.29955 1.49948 1.59944 1.49948 1.29955 0.799713 0.399857 0.299896 
0.499817 0.799713 0.999649 1.29955 1.39952 1.59944 1.49948 1.29955 0.899689 0.399857 0.199921 
0.699753 0.699753 0.799713 0.699753 1.09962 1.09962 0.999649 0.999649 0.699753 0.599792 0.399857 
0.899689 0.699753 0.599792 0.499817 0.399857 0.499817 0.599792 0.599792 0.599792 0.699753 0.499817 
0.999649 0.799713 0.799713 0.699753 0.699753 0.799713 0.499817 0.499817 0.599792 0.599792 0.599792 
1.09962 0.899689 0.799713 0.699753 0.799713 0.799713 0.699753 0.599792 0.599792 0.599792 0.599792 
1 1 1 1 1 1 1 1 1 1 1 
1 1 1 1 1 1 1 1 1 1 1 
1 1 1 1 1 1 1 1 1 1 1 
1 1 1 1 1 1 1 1 1 1 1 
1 1 1 1 1 1 1 1 1 1 1 
1 1 1 1 1 1 1 1 1 1 1 
1 1 1 1 1 1 1 1 1 1 1 
1 1 1 1 1 1 1 1 1 1 1 
1 1 1 1 1 1 1 1 1 1 1 
1 1 1 1 1 1 1 1 1 1 1 
1 1 1 1 1 1 1 1 1 1 1 
