FR55
15 15
2.49905 2.29913 1.99924 1.49944 1.09959 1.09959 1.09959 0.999626 0.899666 0.799698 0.599777 0.599777 0.899666 1.09959 0 
1.79932 1.79932 1.49944 1.19955 0.999626 1.09959 1.19955 1.09959 0.999626 0.899666 0.799698 0.599777 0.799698 0.899666 0 
1.19955 1.19955 0.999626 1.09959 1.29951 1.49944 1.49944 1.39948 1.29951 1.09959 0.899666 0.699738 0.799698 0.999626 0 
0.699738 0.799698 1.09959 1.39948 1.5994 1.79932 1.79932 1.69936 1.49944 1.19955 0.999626 0.799698 0.799698 0.999626 0 
0.499817 0.799698 1.09959 1.39948 1.5994 1.89928 1.79932 1.79932 1.5994 1.39948 1.19955 0.899666 0.899666 0.999626 0 
0.499817 0.799698 1.09959 1.29951 1.5994 1.79932 1.89928 1.89928 1.69936 1.49944 1.29951 1.09959 0.999626 0.999626 0 
0.699738 0.799698 0.999626 1.29951 1.49944 1.79932 1.89928 1.99924 1.79932 1.5994 1.29951 1.09959 0.999626 1.09959 0 
0.599777 0.699738 0.899666 1.19955 1.39948 1.5994 1.79932 1.99924 1.89928 1.5994 1.39948 1.09959 0.999626 0.999626 0 
0.599777 0.599777 0.799698 0.999626 1.29951 1.49944 1.5994 1.89928 1.79932 1.5994 1.39948 1.09959 0.999626 0.999626 0 
0.599777 0.599777 0.699738 0.899666 1.09959 1.29951 1.49944 1.5994 1.49944 1.39948 1.29951 1.09959 0.999626 0.999626 0 
0.599777 0.499817 0.499817 0.799698 0.999626 1.09959 1.29951 1.39948 1.29951 1.09959 0.999626 0.899666 0.899666 0.899666 0 
0.399849 0.399849 0.499817 0.599777 0.699738 0.799698 0.999626 0.899666 0.899666 0.799698 0.799698 0.799698 0.799698 0.999626 0 
0.199928 0.199928 0.299889 0.399849 0.299889 0.499817 0.599777 0.399849 0.599777 0.599777 0.699738 0.799698 0.899666 1.09959 0 
0 0.199928 0.199928 0.199928 0.299889 0.299889 0.299889 0.299889 0.599777 0.499817 0.599777 0.699738 0.899666 0.999626 0 
0 0 0 0 0 0 0 0 0 0 0 0 0 0 0 
1 1 1 1 1 1 1 1 1 1 1 1 1 1 0 
1 1 1 1 1 1 1 1 1 1 1 1 1 1 0 
1 1 1 1 1 1 1 1 1 1 1 1 1 1 0 
1 1 1 1 1 1 1 1 1 1 1 1 1 1 0 
1 1 1 1 1 1 1 1 1 1 1 1 1 1 0 
1 1 1 1 1 1 1 1 1 1 1 1 1 1 0 
1 1 1 1 1 1 1 1 1 1 1 1 1 1 0 
1 1 1 1 1 1 1 1 1 1 1 1 1 1 0 
1 1 1 1 1 1 1 1 1 1 1 1 1 1 0 
1 1 1 1 1 1 1 1 1 1 1 1 1 1 0 
1 1 1 1 1 1 1 1 1 1 1 1 1 1 0 
1 1 1 1 1 1 1 1 1 1 1 1 1 1 0 
1 1 1 1 1 1 1 1 1 1 1 1 1 1 0 
1 1 1 1 1 1 1 1 1 1 1 1 1 1 0 
0 0 0 0 0 0 0 0 0 0 0 0 0 0 0 
