FR6
7 7
0.199814 0.399628 0.598389 0.598389 0.39859 0.198792 0 
0.199814 0.299721 0.598389 0.698288 0.598389 0.298691 0 
0.199814 0.399628 0.798187 0.898087 0.698288 0.39859 0 
0.299721 0.499535 0.997986 0.997986 0.798187 0.498489 0 
0.199814 0.399628 0.798187 0.798187 0.598389 0.598389 0 
0 0.199814 0.39859 0.498489 0.498489 0.698288 0 
0.199814 0.0999069 0.198792 0.39859 0.39859 0.498489 0 
1 1 1 1 1 1 0 
1 1 1 1 1 1 0 
1 1 1 1 1 1 0 
1 1 1 1 1 1 0 
1 1 1 1 1 1 0 
1 1 1 1 1 1 0 
1 1 1 1 1 1 0 
