FR60
11 11
0 0 0 0 0 0 0 0 0 0 0 
0.299934 0.199959 0.299934 0.499893 0.699852 0.799835 0.899811 0.899811 0.999794 0.899811 0.999794 
0.199959 0.0999756 0.299934 0.699852 0.899811 1.09977 1.19975 1.09977 1.09977 1.09977 1.19975 
0.0999756 0.199959 0.399918 0.799835 1.29973 1.49969 1.59967 1.49969 1.29973 1.29973 1.19975 
0 0.0999756 0.399918 1.09977 1.59967 1.59967 1.59967 1.59967 1.39971 1.19975 1.09977 
0.0999756 0.0999756 0.499893 1.09977 1.59967 1.69965 1.69965 1.69965 1.19975 0.999794 0.999794 
0.299934 0 0.399918 0.899811 1.49969 1.59967 1.59967 1.59967 1.09977 0.899811 0.799835 
0.399918 0.199959 0.299934 0.499893 0.899811 0.999794 1.19975 1.19975 0.899811 0.799835 0.899811 
0.599876 0.399918 0.199959 0.299934 0.399918 0.299934 0.599876 0.899811 0.799835 0.999794 0.999794 
0.799835 0.599876 0.399918 0.299934 0.299934 0.399918 0.699852 0.899811 0.899811 1.09977 1.19975 
0 0 0 0 0 0 0 0 0 0 0 
0 0 0 0 0 0 0 0 0 0 0 
1 1 1 1 1 1 1 1 1 1 1 
1 1 1 1 1 1 1 1 1 1 1 
1 1 1 1 1 1 1 1 1 1 1 
1 1 1 1 1 1 1 1 1 1 1 
1 1 1 1 1 1 1 1 1 1 1 
1 1 1 1 1 1 1 1 1 1 1 
1 1 1 1 1 1 1 1 1 1 1 
1 1 1 1 1 1 1 1 1 1 1 
1 1 1 1 1 1 1 1 1 1 1 
0 0 0 0 0 0 0 0 0 0 0 
