FR65
9 9
0.299866 0.199905 0.0999603 0.0999603 0.0999603 0 0.0999603 0.0999603 0 
0.399811 0.0999603 0.199905 0.299866 0.299866 0.199905 0 0.199905 0 
0.399811 0.499771 0.499771 0.799637 0.799637 0.499771 0.299866 0.199905 0 
0.299866 0.499771 0.799637 0.999542 0.999542 0.799637 0.399811 0.0999603 0 
0.299866 0.499771 0.699677 0.999542 0.999542 0.599716 0.199905 0 0 
0.299866 0.299866 0.499771 0.799637 0.699677 0.299866 0.0999603 0 0 
0.399811 0.299866 0.399811 0.499771 0.399811 0.299866 0.0999603 0 0 
0.399811 0.299866 0.399811 0.399811 0.399811 0.299866 0.0999603 0 0 
0 0 0 0 0 0 0 0 0 
1 1 1 1 1 1 1 1 0 
1 1 1 1 1 1 1 1 0 
1 1 1 1 1 1 1 1 0 
1 1 1 1 1 1 1 1 0 
1 1 1 1 1 1 1 1 0 
1 1 1 1 1 1 1 1 0 
1 1 1 1 1 1 1 1 0 
1 1 1 1 1 1 1 1 0 
0 0 0 0 0 0 0 0 0 
