FR66
11 11
0.199905 0.299866 0.199905 0.199905 0.199905 0.399811 0.399811 0.399811 0.599731 0.599731 0.299866 
0.199905 0.299866 0.199905 0.399811 0.399811 0.299866 0.299866 0.299866 0.499771 0.599731 0.499771 
0.199905 0.299866 0.399811 0.699692 0.899597 0.799637 0.599731 0.199905 0.299866 0.399811 0.399811 
0.199905 0.399811 0.699692 1.0995 1.19946 1.29942 1.19946 0.699692 0.399811 0.299866 0.399811 
0.199905 0.399811 0.799637 1.29942 1.39938 1.59929 1.59929 1.0995 0.699692 0.399811 0.299866 
0.199905 0.399811 0.899597 1.39938 1.49933 1.49933 1.69925 1.19946 0.699692 0.399811 0.399811 
0.299866 0.199905 0.599731 1.19946 1.29942 1.29942 1.0995 0.999557 0.499771 0.399811 0.399811 
0.199905 0 0.399811 0.799637 0.999557 1.0995 0.799637 0.399811 0.399811 0.399811 0.499771 
0.199905 0.199905 0.299866 0.0999451 0.399811 0.599731 0.499771 0.299866 0.499771 0.499771 0.399811 
0.299866 0.399811 0.199905 0.0999451 0 0.0999451 0.299866 0.499771 0.499771 0.399811 0.399811 
0 0 0 0 0 0 0 0 0 0 0 
1 1 1 1 1 1 1 1 1 1 1 
1 1 1 1 1 1 1 1 1 1 1 
1 1 1 1 1 1 1 1 1 1 1 
1 1 1 1 1 1 1 1 1 1 1 
1 1 1 1 1 1 1 1 1 1 1 
1 1 1 1 1 1 1 1 1 1 1 
1 1 1 1 1 1 1 1 1 1 1 
1 1 1 1 1 1 1 1 1 1 1 
1 1 1 1 1 1 1 1 1 1 1 
1 1 1 1 1 1 1 1 1 1 1 
0 0 0 0 0 0 0 0 0 0 0 
