FR67
11 11
0 0 0 0 0 0 0 0 0 0 0 
0 0.0999603 0.299866 0.499771 0.799637 0.899597 1.0995 1.39937 1.49931 1.39937 0 
0 0.199905 0.399811 0.699677 1.0995 1.19946 1.39937 1.29941 1.29941 1.49931 0 
0 0.299866 0.699677 1.0995 1.39937 1.69923 1.79918 1.59927 1.39937 1.39937 0 
0 0.199905 0.799637 1.29941 1.69923 1.9991 1.9991 1.89914 1.59927 1.39937 0 
0.0999603 0.399811 0.899597 1.49931 1.89914 1.9991 2.09904 1.89914 1.49931 1.49931 0 
0.299866 0.499771 0.799637 1.39937 1.79918 1.89914 1.89914 1.69923 1.39937 1.49931 0 
0.299866 0.399811 0.599731 1.0995 1.39937 1.59927 1.49931 1.19946 1.39937 1.59927 0 
0.299866 0.499771 0.799637 0.899597 1.19946 1.39937 1.39937 1.39937 1.69923 1.9991 0 
0.299866 0.599731 0.899597 1.0995 1.29941 1.39937 1.59927 1.59927 1.79918 1.9991 0 
0 0 0 0 0 0 0 0 0 0 0 
0 0 0 0 0 0 0 0 0 0 0 
1 1 1 1 1 1 1 1 1 1 0 
1 1 1 1 1 1 1 1 1 1 0 
1 1 1 1 1 1 1 1 1 1 0 
1 1 1 1 1 1 1 1 1 1 0 
1 1 1 1 1 1 1 1 1 1 0 
1 1 1 1 1 1 1 1 1 1 0 
1 1 1 1 1 1 1 1 1 1 0 
1 1 1 1 1 1 1 1 1 1 0 
1 1 1 1 1 1 1 1 1 1 0 
0 0 0 0 0 0 0 0 0 0 0 
