FR68
7 7
0.399826 0.399826 0.499786 0.399826 0.399826 0.299881 0.199921 
0.399826 0.299881 0.399826 0.499786 0.399826 0.299881 0.299881 
0.299881 0.299881 0.399826 0.599747 0.399826 0.299881 0.199921 
0.299881 0.499786 0.599747 0.799652 0.599747 0.299881 0.199921 
0.299881 0.599747 0.799652 0.999573 0.699692 0.299881 0.199921 
0.299881 0.499786 0.499786 0.599747 0.299881 0.0999603 0.0999603 
0.299881 0.199921 0.199921 0.299881 0.0999603 0.0999603 0 
1 1 1 1 1 1 1 
1 1 1 1 1 1 1 
1 1 1 1 1 1 1 
1 1 1 1 1 1 1 
1 1 1 1 1 1 1 
1 1 1 1 1 1 1 
1 1 1 1 1 1 1 
