FR8
9 9
0.59967 0.39978 0.299835 0.19989 0.19989 0.19989 0.19989 0.0999451 0 
0.499725 0.299835 0.299835 0.299835 0.0999451 0.0999451 0.0999451 0.0999451 0 
0.39978 0.299835 0.499725 0.499725 0.39978 0.19989 0.39978 0.0999451 0 
0.299835 0.499725 0.59967 0.59967 0.39978 0.299835 0.299835 0.0999451 0 
0.39978 0.499725 0.799561 0.699615 0.499725 0.499725 0.299835 0.0999451 0 
0.39978 0.59967 0.799561 0.59967 0.699615 0.39978 0.299835 0 0 
0.299835 0.499725 0.699615 0.59967 0.59967 0.39978 0.19989 0.0999451 0 
0.499725 0.39978 0.499725 0.39978 0.299835 0.19989 0.19989 0.19989 0 
0.499725 0.39978 0.39978 0.299835 0.299835 0.19989 0.299835 0.299835 0 
1 1 1 1 1 1 1 1 0 
1 1 1 1 1 1 1 1 0 
1 1 1 1 1 1 1 1 0 
1 1 1 1 1 1 1 1 0 
1 1 1 1 1 1 1 1 0 
1 1 1 1 1 1 1 1 0 
1 1 1 1 1 1 1 1 0 
1 1 1 1 1 1 1 1 0 
1 1 1 1 1 1 1 1 0 
