FR81
9 9
0.599533 0.499603 0.499603 0.599533 0.599533 0.699448 0.799377 0.699448 0.699448 
0.599533 0.499603 0.399689 0.399689 0.499603 0.499603 0.499603 0.699448 0.599533 
0.599533 0.399689 0.399689 0.699448 0.799377 0.899292 0.499603 0.499603 0.499603 
0.399689 0.399689 0.599533 1.09914 1.29898 1.09914 0.699448 0.199844 0.299759 
0.399689 0.199844 0.499603 1.19907 1.29898 1.09914 0.799377 0.299759 0.199844 
0.299759 0.0999146 0.199844 0.899292 1.19907 1.29898 1.09914 0.199844 0.199844 
0.199844 0 0.0999146 0.499603 0.799377 0.899292 0.699448 0.299759 0.299759 
0.199844 0.0999146 0.0999146 0.199844 0.0999146 0.199844 0.299759 0.399689 0.299759 
0.299759 0.199844 0.199844 0.299759 0.0999146 0.0999146 0.199844 0.299759 0.299759 
1 1 1 1 1 1 1 1 1 
1 1 1 1 1 1 1 1 1 
1 1 1 1 1 1 1 1 1 
1 1 1 1 1 1 1 1 1 
1 1 1 1 1 1 1 1 1 
1 1 1 1 1 1 1 1 1 
1 1 1 1 1 1 1 1 1 
1 1 1 1 1 1 1 1 1 
1 1 1 1 1 1 1 1 1 
