FR88
11 11
1.59846 1.49855 1.49855 1.49855 1.39865 1.39865 1.19884 1.39865 1.59846 1.49855 1.49855 
1.29875 1.39865 1.39865 1.39865 1.39865 1.29875 1.19884 1.29875 1.39865 1.39865 1.29875 
1.19884 1.19884 1.39865 1.69836 1.69836 1.49855 1.39865 1.29875 1.09894 0.999039 1.09894 
1.09894 1.09894 1.29875 1.59846 1.49855 1.39865 1.39865 1.39865 0.899124 0.799225 0.999039 
0.899124 0.899124 1.09894 1.49855 1.49855 1.39865 1.39865 1.39865 0.899124 0.799225 0.899124 
0.699326 0.699326 0.899124 1.39865 1.59846 1.49855 1.49855 1.19884 0.799225 0.699326 0.699326 
0.599411 0.499512 0.699326 0.999039 1.19884 1.19884 1.09894 0.799225 0.599411 0.599411 0.499512 
0.499512 0.399612 0.299713 0.499512 0.699326 0.699326 0.499512 0.399612 0.299713 0.299713 0.399612 
0.399612 0.299713 0.199799 0.199799 0.299713 0.199799 0.0998993 0 0 0.199799 0.299713 
0.199799 0.199799 0.0998993 0.0998993 0.199799 0.0998993 0.199799 0 0.0998993 0.199799 0.199799 
0 0 0 0 0 0 0 0 0 0 0 
1 1 1 1 1 1 1 1 1 1 1 
1 1 1 1 1 1 1 1 1 1 1 
1 1 1 1 1 1 1 1 1 1 1 
1 1 1 1 1 1 1 1 1 1 1 
1 1 1 1 1 1 1 1 1 1 1 
1 1 1 1 1 1 1 1 1 1 1 
1 1 1 1 1 1 1 1 1 1 1 
1 1 1 1 1 1 1 1 1 1 1 
1 1 1 1 1 1 1 1 1 1 1 
1 1 1 1 1 1 1 1 1 1 1 
0 0 0 0 0 0 0 0 0 0 0 
