FR91
17 17
1.09909 1.09909 1.09909 1.19901 1.09909 0.999176 0.899261 0.899261 0.799332 0.699417 0.699417 0.599503 0.399673 0.199829 0.0999146 0 0 
1.29892 1.19901 1.29892 1.29892 1.19901 1.09909 1.09909 0.999176 0.899261 0.899261 0.799332 0.699417 0.499588 0.499588 0.299759 0.0999146 0 
1.39885 1.39885 1.39885 1.39885 1.29892 1.29892 1.29892 1.19901 1.09909 0.899261 0.899261 0.699417 0.499588 0.599503 0.399673 0.299759 0 
1.59868 1.59868 1.49876 1.49876 1.49876 1.59868 1.69859 1.69859 1.59868 1.29892 1.09909 0.799332 0.699417 0.599503 0.399673 0.299759 0 
1.79851 1.69859 1.59868 1.59868 1.69859 1.89844 2.09827 2.09827 1.99835 1.79851 1.39885 1.09909 0.699417 0.599503 0.399673 0.399673 0 
1.89844 1.79851 1.79851 1.79851 1.99835 2.19818 2.39801 2.39801 2.09827 2.19818 1.79851 1.39885 0.799332 0.599503 0.499588 0.399673 0 
1.99835 1.69859 1.79851 1.99835 2.2981 2.49794 2.59785 2.49794 2.49794 2.39801 1.99835 1.59868 0.799332 0.799332 0.499588 0.399673 0 
1.99835 1.89844 1.89844 2.09827 2.49794 2.69777 2.79768 2.79768 2.69777 2.39801 2.09827 1.79851 1.19901 0.899261 0.599503 0.499588 0 
2.09827 1.89844 1.99835 2.2981 2.59785 2.79768 2.8976 2.79768 2.49794 2.49794 2.19818 1.79851 1.39885 0.799332 0.599503 0.499588 0 
2.19818 2.09827 2.09827 2.2981 2.49794 2.69777 2.79768 2.79768 2.79768 2.49794 2.09827 1.69859 1.19901 0.799332 0.599503 0.599503 0 
2.09827 2.09827 2.09827 2.2981 2.2981 2.49794 2.69777 2.59785 2.59785 2.39801 2.09827 1.49876 1.09909 0.799332 0.699417 0.699417 0 
1.89844 1.99835 1.99835 2.09827 2.19818 2.19818 2.39801 2.19818 2.2981 2.09827 1.79851 1.39885 1.19901 1.09909 0.899261 0.799332 0 
1.79851 1.79851 1.79851 1.79851 1.89844 1.79851 1.79851 1.79851 1.59868 1.49876 1.39885 1.19901 1.09909 0.999176 0.899261 0.899261 0 
1.69859 1.69859 1.59868 1.59868 1.59868 1.49876 1.39885 1.39885 1.19901 0.999176 0.999176 1.09909 1.09909 0.899261 0.799332 0.899261 0 
1.39885 1.39885 1.39885 1.39885 1.29892 1.29892 1.19901 1.09909 0.999176 0.899261 0.899261 0.999176 0.999176 0.899261 0.799332 0.699417 0 
1.09909 1.09909 1.09909 0.899261 0.899261 0.999176 0.999176 0.899261 0.799332 0.699417 0.799332 0.799332 0.599503 0.699417 0.699417 0.599503 0 
0 0 0 0 0 0 0 0 0 0 0 0 0 0 0 0 0 
1 1 1 1 1 1 1 1 1 1 1 1 1 1 1 1 0 
1 1 1 1 1 1 1 1 1 1 1 1 1 1 1 1 0 
1 1 1 1 1 1 1 1 1 1 1 1 1 1 1 1 0 
1 1 1 1 1 1 1 1 1 1 1 1 1 1 1 1 0 
1 1 1 1 1 1 1 1 1 1 1 1 1 1 1 1 0 
1 1 1 1 1 1 1 1 1 1 1 1 1 1 1 1 0 
1 1 1 1 1 1 1 1 1 1 1 1 1 1 1 1 0 
1 1 1 1 1 1 1 1 1 1 1 1 1 1 1 1 0 
1 1 1 1 1 1 1 1 1 1 1 1 1 1 1 1 0 
1 1 1 1 1 1 1 1 1 1 1 1 1 1 1 1 0 
1 1 1 1 1 1 1 1 1 1 1 1 1 1 1 1 0 
1 1 1 1 1 1 1 1 1 1 1 1 1 1 1 1 0 
1 1 1 1 1 1 1 1 1 1 1 1 1 1 1 1 0 
1 1 1 1 1 1 1 1 1 1 1 1 1 1 1 1 0 
1 1 1 1 1 1 1 1 1 1 1 1 1 1 1 1 0 
1 1 1 1 1 1 1 1 1 1 1 1 1 1 1 1 0 
0 0 0 0 0 0 0 0 0 0 0 0 0 0 0 0 0 
