FR93
11 11
1.19901 0.999176 0.799347 0.699432 0.499588 0.399673 0.399673 0.299759 0.399673 0.599503 0.599503 
1.09909 0.799347 0.699432 0.799347 0.799347 0.699432 0.599503 0.499588 0.399673 0.499588 0.499588 
0.999176 0.799347 0.899261 1.09909 1.29893 1.29893 1.09909 0.899261 0.599503 0.399673 0.399673 
0.899261 0.899261 1.29893 1.39885 1.49876 1.39885 1.39885 1.19901 0.899261 0.399673 0.299759 
0.799347 0.999176 1.39885 1.49876 1.39885 1.29893 1.19901 1.29893 1.09909 0.499588 0.0999146 
0.899261 0.999176 1.49876 1.49876 1.39885 1.29893 1.29893 1.19901 0.999176 0.499588 0.0999146 
0.799347 0.999176 1.29893 1.29893 1.19901 1.19901 1.29893 1.19901 0.699432 0.199844 0.0999146 
0.799347 0.799347 0.899261 1.09909 1.09909 1.09909 1.09909 0.799347 0.499588 0.199844 0 
0.699432 0.499588 0.699432 0.699432 0.799347 0.699432 0.499588 0.399673 0.299759 0.199844 0.0999146 
0.799347 0.599503 0.499588 0.399673 0.399673 0.199844 0.0999146 0.299759 0.199844 0.199844 0.0999146 
0.999176 0.799347 0.799347 0.599503 0.499588 0.299759 0.199844 0.199844 0.0999146 0.0999146 0 
1 1 1 1 1 1 1 1 1 1 1 
1 1 1 1 1 1 1 1 1 1 1 
1 1 1 1 1 1 1 1 1 1 1 
1 1 1 1 1 1 1 1 1 1 1 
1 1 1 1 1 1 1 1 1 1 1 
1 1 1 1 1 1 1 1 1 1 1 
1 1 1 1 1 1 1 1 1 1 1 
1 1 1 1 1 1 1 1 1 1 1 
1 1 1 1 1 1 1 1 1 1 1 
1 1 1 1 1 1 1 1 1 1 1 
1 1 1 1 1 1 1 1 1 1 1 
