FR94
9 9
0 0 0 0 0 0 0 0 0 
0.399719 0.599564 0.599564 0.599564 0.499649 0.599564 0.599564 0.499649 0 
0.399719 0.399719 0.699493 0.699493 0.799423 0.599564 0.799423 0.499649 0 
0.499649 0.599564 0.799423 1.09921 1.09921 0.899353 0.599564 0.399719 0 
0.399719 0.399719 1.09921 1.29907 1.19914 0.799423 0.499649 0.299789 0 
0.299789 0.399719 0.699493 0.899353 1.19914 0.599564 0.399719 0.299789 0 
0.299789 0.399719 0.299789 0.499649 0.699493 0.19986 0.19986 0.19986 0 
0.299789 0.399719 0.399719 0.299789 0.299789 0.19986 0.0999298 0 0 
0 0 0 0 0 0 0 0 0 
0 0 0 0 0 0 0 0 0 
1 1 1 1 1 1 1 1 0 
1 1 1 1 1 1 1 1 0 
1 1 1 1 1 1 1 1 0 
1 1 1 1 1 1 1 1 0 
1 1 1 1 1 1 1 1 0 
1 1 1 1 1 1 1 1 0 
1 1 1 1 1 1 1 1 0 
0 0 0 0 0 0 0 0 0 
