FR98
15 15
0 0 0 0 0 0 0 0 0 0 0 0 0 0 0 
0.799637 0.899597 1.0995 1.0995 0.999542 0.799637 0.699677 0.799637 0.899597 0.899597 0.799637 0.699677 0.499771 0.899597 0 
0.899597 0.899597 0.799637 0.699677 0.799637 0.499771 0.599731 0.699677 0.899597 0.899597 0.899597 0.699677 0.399811 0.799637 0 
0.899597 0.899597 0.599731 0.399811 0.299866 0.699677 1.0995 1.19946 1.19946 1.0995 0.999542 0.699677 0.299866 0.399811 0 
0.699677 0.499771 0.399811 0.399811 0.399811 0.999542 1.59929 1.79919 1.69923 1.39937 1.0995 0.799637 0.0999451 0.199905 0 
0.799637 0.499771 0.199905 0.299866 0.599731 1.19946 1.79919 1.9991 1.9991 1.89915 1.59929 0.999542 0 0.0999451 0 
0.699677 0.399811 0.199905 0.399811 0.899597 1.39937 1.9991 2.29897 2.29897 2.29897 1.89915 1.29942 0.299866 0.199905 0 
0.599731 0.399811 0.399811 0.899597 1.29942 1.79919 2.09906 2.19902 2.19902 2.19902 1.9991 1.29942 0.399811 0.399811 0 
0.599731 0.599731 0.799637 0.799637 1.39937 1.9991 1.9991 2.09906 2.09906 2.09906 1.79919 1.29942 0.599731 0.499771 0 
0.799637 0.799637 0.599731 0.499771 0.899597 1.39937 1.69923 1.89915 1.9991 2.09906 1.79919 1.19946 0.799637 0.699677 0 
0.799637 0.699677 0.499771 0.299866 0.299866 0.899597 1.19946 1.19946 1.69923 1.89915 1.69923 1.29942 1.19946 1.19946 0 
0.799637 0.699677 0.499771 0.299866 0.299866 0.199905 0.399811 0.999542 1.49933 1.49933 1.39937 1.19946 1.39937 1.39937 0 
0.799637 0.699677 0.499771 0.399811 0.499771 0.599731 0.599731 0.799637 1.0995 1.0995 1.19946 1.19946 1.29942 1.59929 0 
0 0 0 0 0 0 0 0 0 0 0 0 0 0 0 
0 0 0 0 0 0 0 0 0 0 0 0 0 0 0 
0 0 0 0 0 0 0 0 0 0 0 0 0 0 0 
1 1 1 1 1 1 1 1 1 1 1 1 1 1 0 
1 1 1 1 1 1 1 1 1 1 1 1 1 1 0 
1 1 1 1 1 1 1 1 1 1 1 1 1 1 0 
1 1 1 1 1 1 1 1 1 1 1 1 1 1 0 
1 1 1 1 1 1 1 1 1 1 1 1 1 1 0 
1 1 1 1 1 1 1 1 1 1 1 1 1 1 0 
1 1 1 1 1 1 1 1 1 1 1 1 1 1 0 
1 1 1 1 1 1 1 1 1 1 1 1 1 1 0 
1 1 1 1 1 1 1 1 1 1 1 1 1 1 0 
1 1 1 1 1 1 1 1 1 1 1 1 1 1 0 
1 1 1 1 1 1 1 1 1 1 1 1 1 1 0 
1 1 1 1 1 1 1 1 1 1 1 1 1 1 0 
0 0 0 0 0 0 0 0 0 0 0 0 0 0 0 
0 0 0 0 0 0 0 0 0 0 0 0 0 0 0 
