FR12
11 11
0.799637 0.399811 0.499771 0.399811 0.499771 0.599731 0.799637 0.799637 0.799637 0.699677 0.699677 
0.299866 0.199905 0.199905 0.399811 0.599731 0.699677 0.699677 0.699677 0.699677 0.599731 0.699677 
0.199905 0.0999603 0.499771 0.899582 0.999542 0.999542 0.999542 0.899582 0.799637 0.799637 0.699677 
0.199905 0.299866 0.799637 1.09949 1.29941 1.29941 1.29941 1.19945 0.899582 0.799637 0.699677 
0.299866 0.499771 0.999542 1.29941 1.49931 1.69922 1.59926 1.49931 0.999542 0.499771 0.499771 
0.199905 0.599731 1.09949 1.39935 1.49931 1.69922 1.89912 1.69922 0.899582 0.299866 0.299866 
0.299866 0.599731 0.999542 1.29941 1.49931 1.59926 1.59926 1.39935 0.899582 0.299866 0.199905 
0.299866 0.499771 0.899582 1.19945 1.39935 1.49931 1.39935 0.899582 0.399811 0.199905 0.199905 
0.399811 0.299866 0.599731 0.799637 0.999542 0.999542 0.799637 0.299866 0.199905 0.199905 0.0999603 
0.399811 0.399811 0.199905 0.299866 0.399811 0.399811 0.199905 0 0 0.0999603 0 
0.499771 0.299866 0.199905 0.199905 0.199905 0 0 0 0.0999603 0 0 
1 1 1 1 1 1 1 1 1 1 1 
1 1 1 1 1 1 1 1 1 1 1 
1 1 1 1 1 1 1 1 1 1 1 
1 1 1 1 1 1 1 1 1 1 1 
1 1 1 1 1 1 1 1 1 1 1 
1 1 1 1 1 1 1 1 1 1 1 
1 1 1 1 1 1 1 1 1 1 1 
1 1 1 1 1 1 1 1 1 1 1 
1 1 1 1 1 1 1 1 1 1 1 
1 1 1 1 1 1 1 1 1 1 1 
1 1 1 1 1 1 1 1 1 1 1 
