FR26
9 9
0 0.0999298 0.19986 0.299789 0.299789 0.399719 0.399719 0.699524 0 
0.0999298 0.19986 0.299789 0.399719 0.499649 0.399719 0.499649 0.599594 0 
0.0999298 0.299789 0.599594 0.899384 0.799454 0.699524 0.499649 0.499649 0 
0.19986 0.399719 0.899384 1.19917 1.2991 1.09924 0.699524 0.599594 0 
0.299789 0.699524 1.09924 1.39903 1.39903 1.19917 0.799454 0.699524 0 
0.299789 0.699524 1.19917 1.2991 1.2991 1.2991 0.899384 0.699524 0 
0.299789 0.499649 0.799454 0.999313 1.09924 0.999313 0.799454 0.799454 0 
0.499649 0.299789 0.499649 0.599594 0.799454 0.799454 0.899384 0.999313 0 
0.499649 0.19986 0.399719 0.499649 0.599594 0.799454 1.09924 1.2991 0 
1 1 1 1 1 1 1 1 0 
1 1 1 1 1 1 1 1 0 
1 1 1 1 1 1 1 1 0 
1 1 1 1 1 1 1 1 0 
1 1 1 1 1 1 1 1 0 
1 1 1 1 1 1 1 1 0 
1 1 1 1 1 1 1 1 0 
1 1 1 1 1 1 1 1 0 
1 1 1 1 1 1 1 1 0 
