FR3
11 11
0 0 0 0 0 0 0 0 0 0 0 
0.599792 0.399872 0.199936 0.299896 0.299896 0.0999756 0.0999756 0.199936 0.199936 0.199936 0 
0.299896 0.199936 0.199936 0.299896 0.299896 0.199936 0 0.299896 0.199936 0.0999756 0 
0.299896 0.199936 0.499832 0.699768 0.599792 0.699768 0.499832 0.199936 0.0999756 0 0 
0.399872 0.399872 0.799728 1.09962 1.09962 1.09962 0.899704 0.499832 0.0999756 0 0 
0.399872 0.599792 1.09962 1.1996 0.999664 1.29956 0.999664 0.599792 0.299896 0.199936 0 
0.499832 0.599792 1.09962 1.1996 1.29956 1.29956 1.09962 0.499832 0.199936 0.199936 0 
0.699768 0.599792 0.899704 0.999664 1.1996 0.999664 0.799728 0.399872 0.0999756 0.299896 0 
0.799728 0.599792 0.499832 0.599792 0.899704 0.599792 0.499832 0.299896 0.299896 0.199936 0 
0.799728 0.599792 0.399872 0.199936 0.199936 0.299896 0.299896 0.499832 0.499832 0.499832 0 
0 0 0 0 0 0 0 0 0 0 0 
0 0 0 0 0 0 0 0 0 0 0 
1 1 1 1 1 1 1 1 1 1 0 
1 1 1 1 1 1 1 1 1 1 0 
1 1 1 1 1 1 1 1 1 1 0 
1 1 1 1 1 1 1 1 1 1 0 
1 1 1 1 1 1 1 1 1 1 0 
1 1 1 1 1 1 1 1 1 1 0 
1 1 1 1 1 1 1 1 1 1 0 
1 1 1 1 1 1 1 1 1 1 0 
1 1 1 1 1 1 1 1 1 1 0 
0 0 0 0 0 0 0 0 0 0 0 
