FR32
7 7
0.199844 0.199844 0.199844 0.0999298 0.199844 0.0999298 0 
0.399689 0.599533 0.599533 0.599533 0.499619 0.0999298 0.0999298 
0.199844 0.599533 0.999222 0.999222 0.699463 0.299774 0.199844 
0.199844 0.499619 0.999222 0.999222 0.799377 0.299774 0.199844 
0.199844 0.299774 0.699463 0.799377 0.399689 0.0999298 0.0999298 
0.199844 0.199844 0.199844 0.299774 0.199844 0.0999298 0.0999298 
0 0 0 0 0 0 0 
1 1 1 1 1 1 1 
1 1 1 1 1 1 1 
1 1 1 1 1 1 1 
1 1 1 1 1 1 1 
1 1 1 1 1 1 1 
1 1 1 1 1 1 1 
0 0 0 0 0 0 0 
