FR9
9 9
0.499893 0.299934 0.399918 0.399918 0.299934 0.199959 0.499893 0.399918 0.599876 
0.399918 0.399918 0.399918 0.399918 0.399918 0.399918 0.299934 0.499893 0.699852 
0.299934 0.299934 0.499893 0.599876 0.599876 0.699852 0.499893 0.499893 0.599876 
0.199959 0.299934 0.599876 0.799835 0.999794 0.999794 0.799835 0.699852 0.499893 
0 0.299934 0.599876 0.899811 0.899811 1.09977 1.29973 0.899811 0.399918 
0 0.299934 0.699852 0.999794 1.09977 1.09977 1.19975 0.699852 0.499893 
0.0999756 0.299934 0.499893 0.999794 0.999794 0.899811 0.699852 0.599876 0.599876 
0.199959 0.199959 0.199959 0.399918 0.299934 0.399918 0.399918 0.599876 0.699852 
0.299934 0.299934 0.199959 0.199959 0 0.199959 0.299934 0.499893 0.699852 
1 1 1 1 1 1 1 1 1 
1 1 1 1 1 1 1 1 1 
1 1 1 1 1 1 1 1 1 
1 1 1 1 1 1 1 1 1 
1 1 1 1 1 1 1 1 1 
1 1 1 1 1 1 1 1 1 
1 1 1 1 1 1 1 1 1 
1 1 1 1 1 1 1 1 1 
1 1 1 1 1 1 1 1 1 
