FR16
11 11
0 0 0 0 0 0 0 0 0 0 0 
0.39978 0.299835 0.299835 0.299835 0.299835 0.299835 0.0999451 0.0999451 0.0999451 0.0999451 0.0999451 
0.499741 0.39978 0.39978 0.39978 0.499741 0.39978 0.299835 0.0999451 0 0.0999451 0.0999451 
0.39978 0.299835 0.299835 0.499741 0.599686 0.599686 0.599686 0.39978 0.19989 0.0999451 0 
0.299835 0.19989 0.39978 0.499741 0.799576 0.899521 0.899521 0.799576 0.499741 0.0999451 0 
0.39978 0.299835 0.39978 0.699631 1.09941 1.2993 1.2993 0.899521 0.499741 0.19989 0.0999451 
0.499741 0.39978 0.499741 0.699631 1.19936 1.2993 1.09941 0.999466 0.699631 0.299835 0.19989 
0.39978 0.39978 0.499741 0.799576 0.799576 0.899521 0.899521 0.799576 0.499741 0.299835 0.19989 
0.39978 0.19989 0.39978 0.499741 0.299835 0.39978 0.39978 0.499741 0.299835 0.19989 0.0999451 
0.39978 0.39978 0.299835 0.39978 0.299835 0.0999451 0.0999451 0.19989 0.299835 0.19989 0.299835 
0 0 0 0 0 0 0 0 0 0 0 
0 0 0 0 0 0 0 0 0 0 0 
1 1 1 1 1 1 1 1 1 1 1 
1 1 1 1 1 1 1 1 1 1 1 
1 1 1 1 1 1 1 1 1 1 1 
1 1 1 1 1 1 1 1 1 1 1 
1 1 1 1 1 1 1 1 1 1 1 
1 1 1 1 1 1 1 1 1 1 1 
1 1 1 1 1 1 1 1 1 1 1 
1 1 1 1 1 1 1 1 1 1 1 
1 1 1 1 1 1 1 1 1 1 1 
0 0 0 0 0 0 0 0 0 0 0 
