FR17
11 11
0.0999146 0.0999146 0.0999146 0.299744 0.199829 0.199829 0.199829 0.0999146 0.299744 0.499557 0.599472 
0.199829 0.199829 0.0999146 0.399643 0.399643 0.499557 0.399643 0.299744 0.0999146 0.299744 0.499557 
0.0999146 0.0999146 0.299744 0.599472 0.699387 0.799286 0.699387 0.499557 0.199829 0.299744 0.299744 
0.0999146 0 0.399643 0.799286 0.8992 0.8992 0.8992 0.699387 0.399643 0.0999146 0.0999146 
0 0.0999146 0.499557 0.799286 0.8992 0.8992 0.999115 0.799286 0.499557 0.199829 0.199829 
0 0.0999146 0.499557 0.799286 0.999115 0.999115 0.8992 0.799286 0.499557 0.299744 0.299744 
0 0.0999146 0.599472 0.799286 0.999115 0.999115 0.799286 0.699387 0.399643 0.399643 0.399643 
0 0.0999146 0.399643 0.499557 0.699387 0.799286 0.699387 0.499557 0.199829 0.299744 0.299744 
0.0999146 0.0999146 0.0999146 0.199829 0.299744 0.399643 0.299744 0.299744 0.0999146 0.199829 0.299744 
0.0999146 0.0999146 0.199829 0.0999146 0.199829 0.199829 0.299744 0.299744 0.299744 0.299744 0.399643 
0.0999146 0.199829 0.199829 0.199829 0.199829 0.199829 0.299744 0.299744 0.299744 0.399643 0.599472 
1 1 1 1 1 1 1 1 1 1 1 
1 1 1 1 1 1 1 1 1 1 1 
1 1 1 1 1 1 1 1 1 1 1 
1 1 1 1 1 1 1 1 1 1 1 
1 1 1 1 1 1 1 1 1 1 1 
1 1 1 1 1 1 1 1 1 1 1 
1 1 1 1 1 1 1 1 1 1 1 
1 1 1 1 1 1 1 1 1 1 1 
1 1 1 1 1 1 1 1 1 1 1 
1 1 1 1 1 1 1 1 1 1 1 
1 1 1 1 1 1 1 1 1 1 1 
