FR18
9 9
0.899597 0.799637 0.799637 0.699677 0.699677 0.599731 0.299866 0.299866 0.299866 
0.899597 0.799637 0.799637 0.699677 0.699677 0.599731 0.199905 0.199905 0.199905 
0.899597 0.599731 0.899597 1.0995 1.0995 0.899597 0.399811 0.199905 0.199905 
0.799637 0.799637 1.29941 1.29941 1.29941 1.29941 0.799637 0.299866 0 
0.899597 1.19946 1.49933 1.49933 1.49933 1.49933 1.19946 0.499771 0.0999451 
0.999542 1.39937 1.69923 1.59929 1.49933 1.39937 1.19946 0.599731 0.299866 
0.899597 1.0995 1.49933 1.39937 1.29941 1.0995 0.799637 0.499771 0.299866 
0.599731 0.799637 1.0995 1.29941 1.19946 0.699677 0.499771 0.199905 0.199905 
0.799637 0.899597 1.0995 0.999542 0.599731 0.299866 0.299866 0.199905 0.199905 
1 1 1 1 1 1 1 1 1 
1 1 1 1 1 1 1 1 1 
1 1 1 1 1 1 1 1 1 
1 1 1 1 1 1 1 1 1 
1 1 1 1 1 1 1 1 1 
1 1 1 1 1 1 1 1 1 
1 1 1 1 1 1 1 1 1 
1 1 1 1 1 1 1 1 1 
1 1 1 1 1 1 1 1 1 
