FR24
9 9
0.19986 0.19986 0 0.19986 0.19986 0.299805 0.299805 0.299805 0.299805 
0.0999298 0.19986 0.49968 0.699539 0.699539 0.49968 0.299805 0.299805 0.19986 
0.19986 0.19986 0.49968 0.899414 1.09929 0.899414 0.49968 0.299805 0.399734 
0.399734 0.299805 0.699539 1.09929 1.09929 0.999359 0.599609 0.299805 0.399734 
0.49968 0.599609 0.799484 1.19922 1.19922 0.899414 0.49968 0.399734 0.399734 
0.49968 0.49968 0.599609 0.799484 0.799484 0.699539 0.399734 0.19986 0.299805 
0.599609 0.49968 0.399734 0.399734 0.49968 0.399734 0.49968 0.49968 0.49968 
0.599609 0.399734 0.399734 0.399734 0.49968 0.49968 0.49968 0.699539 0.599609 
0 0 0 0 0 0 0 0 0 
1 1 1 1 1 1 1 1 1 
1 1 1 1 1 1 1 1 1 
1 1 1 1 1 1 1 1 1 
1 1 1 1 1 1 1 1 1 
1 1 1 1 1 1 1 1 1 
1 1 1 1 1 1 1 1 1 
1 1 1 1 1 1 1 1 1 
1 1 1 1 1 1 1 1 1 
0 0 0 0 0 0 0 0 0 
