FR25
9 9
0.399719 0.19986 0 0.19986 0.499664 0.399719 0.499664 0.599594 0 
0.19986 0.399719 0.499664 0.699524 0.799454 0.599594 0.399719 0.499664 0 
0.19986 0.499664 0.899384 0.999313 1.09924 0.999313 0.699524 0.599594 0 
0.399719 0.799454 1.19917 1.2991 1.2991 1.2991 0.699524 0.799454 0 
0.599594 0.899384 1.2991 1.39903 1.39903 1.39903 0.799454 0.699524 0 
0.699524 0.999313 1.2991 1.2991 1.2991 1.2991 0.799454 0.699524 0 
0.599594 0.599594 0.799454 0.999313 0.899384 0.699524 0.799454 0.799454 0 
0.499664 0.499664 0.499664 0.599594 0.599594 0.699524 0.899384 0.899384 0 
0 0 0 0 0 0 0 0 0 
1 1 1 1 1 1 1 1 0 
1 1 1 1 1 1 1 1 0 
1 1 1 1 1 1 1 1 0 
1 1 1 1 1 1 1 1 0 
1 1 1 1 1 1 1 1 0 
1 1 1 1 1 1 1 1 0 
1 1 1 1 1 1 1 1 0 
1 1 1 1 1 1 1 1 0 
0 0 0 0 0 0 0 0 0 
