FR28
9 9
0.199921 0.299866 0.299866 0.299866 0.399826 0.299866 0.399826 0.499771 0.399826 
0 0.199921 0.499771 0.599731 0.699692 0.499771 0.499771 0.499771 0.599731 
0.0999603 0.399826 0.899597 1.0995 1.19946 1.0995 0.799637 0.599731 0.499771 
0.399826 0.499771 0.899597 1.29941 1.39937 1.29941 0.799637 0.499771 0.299866 
0.399826 0.399826 0.799637 1.39937 1.39937 0.999557 0.499771 0.299866 0.499771 
0.199921 0.499771 0.699692 0.899597 0.899597 0.699692 0.299866 0.0999603 0.399826 
0.399826 0.299866 0.499771 0.499771 0.399826 0.199921 0.0999603 0.299866 0.399826 
0.399826 0.399826 0.499771 0.299866 0.199921 0.0999603 0.299866 0.399826 0.499771 
0.399826 0.399826 0.499771 0.399826 0.299866 0.199921 0.199921 0.399826 0.399826 
1 1 1 1 1 1 1 1 1 
1 1 1 1 1 1 1 1 1 
1 1 1 1 1 1 1 1 1 
1 1 1 1 1 1 1 1 1 
1 1 1 1 1 1 1 1 1 
1 1 1 1 1 1 1 1 1 
1 1 1 1 1 1 1 1 1 
1 1 1 1 1 1 1 1 1 
1 1 1 1 1 1 1 1 1 
