FR30
13 13
0 0 0 0 0 0 0 0 0 0 0 0 0 
0.299774 0.399689 0.299774 0.299774 0.299774 0.399689 0.299774 0.199844 0.199844 0.299774 0.499619 0.499619 0 
0.399689 0.299774 0.299774 0.399689 0.499619 0.499619 0.499619 0.299774 0.199844 0.199844 0.299774 0.499619 0 
0.299774 0.299774 0.199844 0.599548 0.799393 0.799393 0.599548 0.499619 0.499619 0.0999146 0.199844 0.399689 0 
0.399689 0.299774 0.299774 0.799393 0.999237 0.999237 0.899323 0.799393 0.699463 0.399689 0.299774 0.399689 0 
0.299774 0.0999146 0.399689 0.799393 0.999237 1.09917 1.09917 1.09917 0.999237 0.399689 0 0.299774 0 
0.199844 0.0999146 0.499619 0.899323 1.09917 1.1991 1.29901 1.1991 0.999237 0.399689 0.199844 0.299774 0 
0.299774 0.199844 0.499619 0.899323 1.1991 1.29901 1.39894 1.1991 0.999237 0.399689 0.199844 0.299774 0 
0.299774 0.299774 0.199844 0.599548 0.999237 1.29901 1.09917 0.999237 0.799393 0.399689 0.299774 0.399689 0 
0.399689 0.399689 0.399689 0.399689 0.699463 0.699463 0.699463 0.699463 0.499619 0.399689 0.399689 0.399689 0 
0.499619 0.499619 0.399689 0.299774 0.299774 0.299774 0.399689 0.399689 0.399689 0.399689 0.499619 0.499619 0 
0.599548 0.499619 0.499619 0.299774 0.399689 0.299774 0.399689 0.299774 0.399689 0.399689 0.499619 0.599548 0 
0 0 0 0 0 0 0 0 0 0 0 0 0 
0 0 0 0 0 0 0 0 0 0 0 0 0 
1 1 1 1 1 1 1 1 1 1 1 1 0 
1 1 1 1 1 1 1 1 1 1 1 1 0 
1 1 1 1 1 1 1 1 1 1 1 1 0 
1 1 1 1 1 1 1 1 1 1 1 1 0 
1 1 1 1 1 1 1 1 1 1 1 1 0 
1 1 1 1 1 1 1 1 1 1 1 1 0 
1 1 1 1 1 1 1 1 1 1 1 1 0 
1 1 1 1 1 1 1 1 1 1 1 1 0 
1 1 1 1 1 1 1 1 1 1 1 1 0 
1 1 1 1 1 1 1 1 1 1 1 1 0 
1 1 1 1 1 1 1 1 1 1 1 1 0 
0 0 0 0 0 0 0 0 0 0 0 0 0 
