FR37
11 11
0 0 0 0 0 0 0 0 0 0 0 
0.299667 0.199768 0.199768 0.199768 0.199768 0.199768 0.199768 0.199768 0.299667 0.399551 0 
0.299667 0.299667 0.199768 0 0.199768 0.399551 0.199768 0.099884 0.299667 0.499435 0 
0.299667 0.299667 0.099884 0.199768 0.499435 0.599319 0.499435 0.199768 0.099884 0.399551 0 
0.299667 0.099884 0.399551 0.699219 1.09877 0.998871 0.599319 0.299667 0.099884 0.399551 0 
0.099884 0 0.299667 0.799103 1.19865 1.19865 0.898987 0.399551 0.099884 0.399551 0 
0.199768 0.099884 0.099884 0.699219 1.09877 1.19865 0.898987 0.299667 0.099884 0.299667 0 
0.299667 0.199768 0 0.299667 0.599319 0.699219 0.299667 0.399551 0.499435 0.599319 0 
0.299667 0.299667 0.099884 0.099884 0 0.099884 0.199768 0.399551 0.599319 0.499435 0 
0.399551 0.299667 0.299667 0.199768 0.199768 0.199768 0.299667 0.399551 0.399551 0.299667 0 
0 0 0 0 0 0 0 0 0 0 0 
0 0 0 0 0 0 0 0 0 0 0 
1 1 1 1 1 1 1 1 1 1 0 
1 1 1 1 1 1 1 1 1 1 0 
1 1 1 1 1 1 1 1 1 1 0 
1 1 1 1 1 1 1 1 1 1 0 
1 1 1 1 1 1 1 1 1 1 0 
1 1 1 1 1 1 1 1 1 1 0 
1 1 1 1 1 1 1 1 1 1 0 
1 1 1 1 1 1 1 1 1 1 0 
1 1 1 1 1 1 1 1 1 1 0 
0 0 0 0 0 0 0 0 0 0 0 
