FR4
15 15
0.0999451 0 0 0 0 0 0.0999451 0.19989 0.19989 0.299835 0.19989 0.39978 0.299835 0.499725 0 
0.0999451 0 0.0999451 0 0 0.0999451 0.0999451 0.299835 0 0.19989 0.19989 0.499725 0.59967 0.59967 0 
0.19989 0.19989 0.19989 0.0999451 0.19989 0.39978 0.499725 0.59967 0.299835 0.19989 0.19989 0.39978 0.59967 0.59967 0 
0.19989 0.19989 0.299835 0.39978 0.59967 0.999451 1.0994 0.999451 0.59967 0.19989 0.19989 0.19989 0.39978 0.59967 0 
0.299835 0.299835 0.39978 0.59967 1.0994 1.69907 1.49918 1.29929 0.999451 0.499725 0.19989 0.299835 0.499725 0.699615 0 
0.299835 0.39978 0.799561 0.999451 1.39923 1.69907 1.69907 1.69907 1.49918 0.899506 0.499725 0.39978 0.499725 0.699615 0 
0.19989 0.499725 0.799561 1.0994 1.39923 1.69907 1.59912 1.59912 1.59912 1.0994 0.59967 0.19989 0.299835 0.59967 0 
0.299835 0.39978 0.499725 0.899506 1.49918 1.59912 1.49918 1.59912 1.59912 1.29929 0.499725 0.0999451 0.39978 0.59967 0 
0.39978 0.299835 0 0.699615 1.29929 1.49918 1.49918 1.39923 1.29929 0.799561 0.299835 0.499725 0.699615 0.699615 0 
0.499725 0.39978 0.0999451 0.0999451 0.499725 0.799561 1.0994 0.799561 0.299835 0.0999451 0.19989 0.699615 0.699615 0.699615 0 
0.499725 0.59967 0.299835 0.299835 0.19989 0.39978 0.699615 0.499725 0.299835 0.0999451 0.39978 0.799561 0.699615 0.59967 0 
0.39978 0.59967 0.59967 0.59967 0.499725 0.499725 0.39978 0.39978 0.39978 0.499725 0.59967 0.799561 0.59967 0.39978 0 
0.39978 0.59967 0.59967 0.59967 0.799561 0.699615 0.699615 0.59967 0.699615 0.799561 0.799561 0.699615 0.699615 0.499725 0 
0.39978 0.499725 0.59967 0.59967 0.799561 0.999451 0.899506 0.799561 0.899506 0.999451 0.799561 0.699615 0.699615 0.59967 0 
0.299835 0.39978 0.499725 0.699615 0.799561 0.899506 0.899506 0.899506 1.0994 1.0994 0.799561 0.699615 0.59967 0.699615 0 
1 1 1 1 1 1 1 1 1 1 1 1 1 1 0 
1 1 1 1 1 1 1 1 1 1 1 1 1 1 0 
1 1 1 1 1 1 1 1 1 1 1 1 1 1 0 
1 1 1 1 1 1 1 1 1 1 1 1 1 1 0 
1 1 1 1 1 1 1 1 1 1 1 1 1 1 0 
1 1 1 1 1 1 1 1 1 1 1 1 1 1 0 
1 1 1 1 1 1 1 1 1 1 1 1 1 1 0 
1 1 1 1 1 1 1 1 1 1 1 1 1 1 0 
1 1 1 1 1 1 1 1 1 1 1 1 1 1 0 
1 1 1 1 1 1 1 1 1 1 1 1 1 1 0 
1 1 1 1 1 1 1 1 1 1 1 1 1 1 0 
1 1 1 1 1 1 1 1 1 1 1 1 1 1 0 
1 1 1 1 1 1 1 1 1 1 1 1 1 1 0 
1 1 1 1 1 1 1 1 1 1 1 1 1 1 0 
1 1 1 1 1 1 1 1 1 1 1 1 1 1 0 
