FR17
9 9
0.302399 0.302399 0.202469 0.202469 0.202469 0.202469 0.402328 0.502243 0.502243 
0.299469 0.399292 0.499115 0.698746 0.698746 0.499115 0.399292 0.299469 0.299469 
0.399292 0.598938 0.898392 1.19786 1.19786 0.998215 0.598938 0.199646 0.299469 
0.399292 0.798569 1.19786 1.19786 1.19786 1.09804 0.798569 0.299469 0.199646 
0.499115 0.898392 1.19786 1.19786 1.29768 1.19786 0.798569 0.399292 0.099823 
0.399292 0.698746 0.998215 1.19786 1.29768 1.19786 0.698746 0.399292 0.199646 
0.299469 0.399292 0.598938 0.898392 0.898392 0.598938 0.299469 0.299469 0.099823 
0.299469 0.199646 0.099823 0.299469 0.199646 0 0.099823 0.099823 0.099823 
0 0 0 0 0 0 0 0 0 
1 1 1 1 1 1 1 1 1 
1 1 1 1 1 1 1 1 1 
1 1 1 1 1 1 1 1 1 
1 1 1 1 1 1 1 1 1 
1 1 1 1 1 1 1 1 1 
1 1 1 1 1 1 1 1 1 
1 1 1 1 1 1 1 1 1 
1 1 1 1 1 1 1 1 1 
0 0 0 0 0 0 0 0 0 
