FR2
13 13
0.399689 0.399689 0.499619 0.399689 0.199844 0.0999222 0.0999222 0.199844 0.499619 0.399689 0.599541 0.599541 0 
0.299767 0.199844 0.299767 0.199844 0 0 0.0999222 0.299767 0.399689 0.399689 0.599541 0.599541 0 
0 0.0999222 0.199844 0 0.0999222 0.199844 0.399689 0.499619 0.399689 0.499619 0.499619 0.499619 0 
0 0.0999222 0.199844 0.0999222 0.399689 0.499619 0.699463 0.799385 0.399689 0.399689 0.399689 0.399689 0 
0 0.0999222 0.0999222 0.199844 0.999229 0.899307 1.09915 0.999229 0.899307 0.399689 0.399689 0.399689 0 
0.199844 0.199844 0.299767 0.699463 1.19907 1.299 1.39893 1.299 1.09915 0.499619 0.399689 0.399689 0 
0.0999222 0.299767 0.499619 1.09915 1.39893 1.299 1.39893 1.19907 0.899307 0.499619 0.399689 0.399689 0 
0.199844 0.199844 0.599541 0.999229 1.39893 0.999229 0.999229 0.999229 0.699463 0.399689 0.299767 0.299767 0 
0.0999222 0.0999222 0.499619 0.899307 1.19907 1.09915 1.09915 0.899307 0.399689 0.199844 0.199844 0.299767 0 
0.0999222 0.0999222 0.0999222 0.499619 0.699463 0.699463 0.899307 0.599541 0.199844 0.199844 0.199844 0.299767 0 
0.0999222 0.199844 0.199844 0.199844 0.199844 0.299767 0.399689 0.199844 0.0999222 0.199844 0.299767 0.499619 0 
0.399689 0.399689 0.299767 0.199844 0.199844 0.199844 0.299767 0.0999222 0.0999222 0.199844 0.399689 0.499619 0 
0 0 0 0 0 0 0 0 0 0 0 0 0 
1 1 1 1 1 1 1 1 1 1 1 1 0 
1 1 1 1 1 1 1 1 1 1 1 1 0 
1 1 1 1 1 1 1 1 1 1 1 1 0 
1 1 1 1 1 1 1 1 1 1 1 1 0 
1 1 1 1 1 1 1 1 1 1 1 1 0 
1 1 1 1 1 1 1 1 1 1 1 1 0 
1 1 1 1 1 1 1 1 1 1 1 1 0 
1 1 1 1 1 1 1 1 1 1 1 1 0 
1 1 1 1 1 1 1 1 1 1 1 1 0 
1 1 1 1 1 1 1 1 1 1 1 1 0 
1 1 1 1 1 1 1 1 1 1 1 1 0 
1 1 1 1 1 1 1 1 1 1 1 1 0 
0 0 0 0 0 0 0 0 0 0 0 0 0 
