FR20
13 13
0 0 0 0 0 0 0 0 0 0 0 0 0 
0.399734 0.399734 0.19986 0.0999298 0 0.19986 0.0999298 0 0.0999298 0.299805 0.299805 0.399734 0 
0.499664 0.299805 0 0.0999298 0.299805 0.499664 0.399734 0.299805 0.19986 0.299805 0.399734 0.399734 0 
0.499664 0.299805 0.299805 0.399734 0.599609 0.799469 0.699539 0.599609 0.499664 0.499664 0.399734 0.299805 0 
0.499664 0.499664 0.599609 0.799469 1.09927 1.1992 1.1992 1.09927 0.799469 0.599609 0.399734 0.19986 0 
0.599609 0.599609 0.799469 1.1992 1.39908 1.39908 1.39908 1.39908 1.1992 0.799469 0.499664 0.0999298 0 
0.599609 0.499664 0.899399 1.1992 1.59894 1.49901 1.39908 1.49901 1.39908 0.899399 0.599609 0.19986 0 
0.499176 0.399261 0.599106 1.09871 1.4984 1.4984 1.29855 1.39848 1.29855 0.79895 0.399261 0.199417 0 
0.599106 0.499176 0.599106 0.898865 1.29855 1.59833 1.69824 1.59833 1.09871 0.69902 0.399261 0.199417 0 
0.499176 0.299332 0.399261 0.69902 0.998795 1.19864 1.29855 1.09871 0.898865 0.599106 0.399261 0.299332 0 
0.599106 0.499176 0.69902 0.69902 0.69902 0.599106 0.599106 0.599106 0.69902 0.499176 0.399261 0.199417 0 
0.69902 0.499176 0.69902 0.599106 0.399261 0.399261 0.199417 0.299332 0.299332 0.399261 0.299332 0.0994873 0 
0 0 0 0 0 0 0 0 0 0 0 0 0 
0 0 0 0 0 0 0 0 0 0 0 0 0 
1 1 1 1 1 1 1 1 1 1 1 1 0 
1 1 1 1 1 1 1 1 1 1 1 1 0 
1 1 1 1 1 1 1 1 1 1 1 1 0 
1 1 1 1 1 1 1 1 1 1 1 1 0 
1 1 1 1 1 1 1 1 1 1 1 1 0 
1 1 1 1 1 1 1 1 1 1 1 1 0 
1 1 1 1 1 1 1 1 1 1 1 1 0 
1 1 1 1 1 1 1 1 1 1 1 1 0 
1 1 1 1 1 1 1 1 1 1 1 1 0 
1 1 1 1 1 1 1 1 1 1 1 1 0 
1 1 1 1 1 1 1 1 1 1 1 1 0 
0 0 0 0 0 0 0 0 0 0 0 0 0 
