FR28
9 9
0.0998993 0 0 0.0998993 0.199783 0.299667 0.199783 0 0.0998993 
0.0998993 0 0.0998993 0.399551 0.599335 0.599335 0.499451 0.0998993 0.0998993 
0.199783 0 0.299667 0.699219 0.998886 0.998886 0.599335 0.0998993 0 
0.199783 0.0998993 0.599335 0.998886 1.19865 1.19865 0.799103 0.199783 0.0998993 
0.0998993 0.0998993 0.499451 0.899002 1.29855 1.19865 0.699219 0.299667 0.0998993 
0.0998993 0.0998993 0.199783 0.599335 0.799103 0.799103 0.399551 0.0998993 0.0998993 
0.199783 0.299667 0.0998993 0.0998993 0.0998993 0.0998993 0 0.0998993 0.0998993 
0.299667 0.399551 0.299667 0.0998993 0 0.0998993 0.199783 0.199783 0.199783 
0 0 0 0 0 0 0 0 0 
1 1 1 1 1 1 1 1 1 
1 1 1 1 1 1 1 1 1 
1 1 1 1 1 1 1 1 1 
1 1 1 1 1 1 1 1 1 
1 1 1 1 1 1 1 1 1 
1 1 1 1 1 1 1 1 1 
1 1 1 1 1 1 1 1 1 
1 1 1 1 1 1 1 1 1 
0 0 0 0 0 0 0 0 0 
