FR3
13 13
0.499619 0.399689 0.399689 0.399689 0.399689 0.399689 0.199844 0.199844 0.299774 0.399689 0.399689 0.399689 0.399689 
0.399689 0.399689 0.399689 0.199844 0.299774 0.199844 0.199844 0.199844 0.199844 0.199844 0.299774 0.399689 0.399689 
0.399689 0.299774 0.199844 0.0999298 0.299774 0.399689 0.599533 0.599533 0.599533 0.399689 0.299774 0.399689 0.499619 
0.399689 0.199844 0 0.199844 0.499619 0.799377 0.999222 1.19907 0.899307 0.599533 0.199844 0.299774 0.399689 
0.399689 0.399689 0.299774 0.399689 0.799377 1.09915 1.19907 1.299 1.299 0.799377 0.199844 0.199844 0.299774 
0.399689 0.299774 0.399689 0.499619 1.09915 1.299 1.19907 1.299 1.299 1.19907 0.399689 0.0999298 0.299774 
0.399689 0.299774 0.199844 0.699463 1.19907 1.39893 1.49884 1.49884 1.299 0.999222 0.399689 0.199844 0.299774 
0.499619 0.499619 0.299774 0.499619 0.999222 1.39893 1.49884 1.299 1.09915 0.699463 0.299774 0.0999298 0.399689 
0.499619 0.499619 0.399689 0.399689 0.599533 1.19907 1.299 0.999222 0.799377 0.399689 0.199844 0.0999298 0.399689 
0.599533 0.499619 0.499619 0.299774 0.399689 0.599533 0.699463 0.599533 0.299774 0 0 0.199844 0.399689 
0.699463 0.699463 0.699463 0.499619 0.199844 0.399689 0.299774 0.199844 0.0999298 0 0.199844 0.399689 0.499619 
0.599533 0.699463 0.699463 0.699463 0.599533 0.499619 0.499619 0.299774 0.399689 0.399689 0.599533 0.599533 0.499619 
0.599533 0.599533 0.699463 0.699463 0.599533 0.599533 0.699463 0.499619 0.599533 0.599533 0.599533 0.599533 0.499619 
1 1 1 1 1 1 1 1 1 1 1 1 1 
1 1 1 1 1 1 1 1 1 1 1 1 1 
1 1 1 1 1 1 1 1 1 1 1 1 1 
1 1 1 1 1 1 1 1 1 1 1 1 1 
1 1 1 1 1 1 1 1 1 1 1 1 1 
1 1 1 1 1 1 1 1 1 1 1 1 1 
1 1 1 1 1 1 1 1 1 1 1 1 1 
1 1 1 1 1 1 1 1 1 1 1 1 1 
1 1 1 1 1 1 1 1 1 1 1 1 1 
1 1 1 1 1 1 1 1 1 1 1 1 1 
1 1 1 1 1 1 1 1 1 1 1 1 1 
1 1 1 1 1 1 1 1 1 1 1 1 1 
1 1 1 1 1 1 1 1 1 1 1 1 1 
