FR4
11 11
0 0.199997 0.300003 0.199997 0.199997 0.100006 0.100006 0.199997 0.300003 0.300003 0 
0 0.100006 0.100006 0.100006 0.199997 0.100006 0.100006 0.199997 0.300003 0.300003 0 
0 0.100006 0.100006 0.100006 0.300003 0.399994 0.399994 0.399994 0.300003 0.199997 0 
0 0.199997 0.100006 0.300003 0.800003 0.899994 0.699997 0.5 0.300003 0 0 
0 0.199997 0.100006 0.600006 1.10001 1.2 0.899994 0.600006 0.300003 0.100006 0 
0 0.199997 0.199997 0.899994 1.3 1.2 1.2 0.800003 0.300003 0.100006 0 
0 0.300003 0.199997 0.600006 1.10001 1.2 1.2 0.600006 0.199997 0.100006 0 
0 0.300003 0.199997 0.199997 0.5 0.699997 0.600006 0.300003 0.100006 0.199997 0 
0 0.600006 0.399994 0.300003 0.300003 0.199997 0.199997 0.199997 0.199997 0.300003 0 
0 0.793594 0.793594 0.59375 0.393906 0.393906 0.293976 0.393906 0.293976 0.293976 0 
0 0 0 0 0 0 0 0 0 0 0 
0 1 1 1 1 1 1 1 1 1 0 
0 1 1 1 1 1 1 1 1 1 0 
0 1 1 1 1 1 1 1 1 1 0 
0 1 1 1 1 1 1 1 1 1 0 
0 1 1 1 1 1 1 1 1 1 0 
0 1 1 1 1 1 1 1 1 1 0 
0 1 1 1 1 1 1 1 1 1 0 
0 1 1 1 1 1 1 1 1 1 0 
0 1 1 1 1 1 1 1 1 1 0 
0 1 1 1 1 1 1 1 1 1 0 
0 0 0 0 0 0 0 0 0 0 0 
