FR7
15 15
0 0 0 0 0 0 0 0 0 0 0 0 0 0 0 
0.799393 0.599533 0.599533 0.699463 0.799393 0.899307 0.899307 0.899307 0.799393 0.999237 0.899307 0.899307 0.899307 0.899307 0 
0.899307 0.699463 0.699463 0.699463 0.799393 0.699463 0.699463 0.599533 0.599533 0.799393 0.899307 0.899307 0.899307 0.799393 0 
0.599533 0.599533 0.699463 0.599533 0.599533 0.499619 0.599533 0.499619 0.399689 0.499619 0.599533 0.899307 0.899307 0.799393 0 
0.499619 0.599533 0.699463 0.499619 0.399689 0.499619 0.899307 1.09915 0.999237 0.699463 0.499619 0.799393 0.899307 0.799393 0 
0.599533 0.699463 0.599533 0.499619 0.399689 0.599533 1.299 1.69868 1.59877 1.39893 0.799393 0.499619 0.599533 0.799393 0 
0.699463 0.699463 0.499619 0.399689 0.599533 1.09915 1.89853 1.99846 1.99846 1.69868 1.09915 0.499619 0.399689 0.699463 0 
0.699463 0.599533 0.299774 0.299774 0.499619 1.49884 1.99846 1.99846 1.99846 1.79861 1.299 0.499619 0.299774 0.599533 0 
0.699463 0.599533 0.399689 0.299774 0.599533 1.49884 2.09837 2.09837 1.99846 1.79861 1.49884 0.399689 0.199844 0.499619 0 
0.699463 0.699463 0.599533 0.499619 0.499619 1.19908 1.79861 2.1983 1.89853 1.49884 1.19908 0.599533 0.399689 0.699463 0 
0.599533 0.699463 0.599533 0.599533 0.299774 0.899307 1.299 1.79861 1.59877 1.09915 0.799393 0.699463 0.699463 0.699463 0 
0.499619 0.499619 0.599533 0.499619 0.299774 0.299774 0.299774 0.399689 0.499619 0.399689 0.599533 0.699463 0.699463 0.599533 0 
0.499619 0.399689 0.499619 0.399689 0.399689 0.399689 0.199844 0 0.0999298 0.199844 0.599533 0.799393 0.599533 0.599533 0 
0.499619 0.499619 0.499619 0.499619 0.499619 0.399689 0.299774 0.399689 0.399689 0.599533 0.699463 0.699463 0.699463 0.599533 0 
0 0 0 0 0 0 0 0 0 0 0 0 0 0 0 
0 0 0 0 0 0 0 0 0 0 0 0 0 0 0 
1 1 1 1 1 1 1 1 1 1 1 1 1 1 0 
1 1 1 1 1 1 1 1 1 1 1 1 1 1 0 
1 1 1 1 1 1 1 1 1 1 1 1 1 1 0 
1 1 1 1 1 1 1 1 1 1 1 1 1 1 0 
1 1 1 1 1 1 1 1 1 1 1 1 1 1 0 
1 1 1 1 1 1 1 1 1 1 1 1 1 1 0 
1 1 1 1 1 1 1 1 1 1 1 1 1 1 0 
1 1 1 1 1 1 1 1 1 1 1 1 1 1 0 
1 1 1 1 1 1 1 1 1 1 1 1 1 1 0 
1 1 1 1 1 1 1 1 1 1 1 1 1 1 0 
1 1 1 1 1 1 1 1 1 1 1 1 1 1 0 
1 1 1 1 1 1 1 1 1 1 1 1 1 1 0 
1 1 1 1 1 1 1 1 1 1 1 1 1 1 0 
0 0 0 0 0 0 0 0 0 0 0 0 0 0 0 
