FR11
9 9
0.299652 0.299652 0.299652 0.199768 0.199768 0.199768 0.399551 0.499435 0.499435 
0.199768 0.199768 0.199768 0.199768 0.299652 0.199768 0.299652 0.499435 0.499435 
0.199768 0 0.199768 0.599319 0.799103 0.499435 0.399551 0.399551 0.599319 
0.299652 0.199768 0.499435 0.998871 1.19865 0.898987 0.599319 0.399551 0.499435 
0.199768 0.399551 0.699203 0.898987 1.29854 0.898987 0.399551 0.399551 0.399551 
0.199768 0.099884 0.399551 0.599319 0.898987 0.599319 0.399551 0.299652 0.599319 
0.299652 0.199768 0.199768 0.399551 0.499435 0.199768 0.099884 0.299652 0.499435 
0.399551 0.299652 0.299652 0.299652 0.399551 0.299652 0.199768 0.299652 0.499435 
0 0 0 0 0 0 0 0 0 
1 1 1 1 1 1 1 1 1 
1 1 1 1 1 1 1 1 1 
1 1 1 1 1 1 1 1 1 
1 1 1 1 1 1 1 1 1 
1 1 1 1 1 1 1 1 1 
1 1 1 1 1 1 1 1 1 
1 1 1 1 1 1 1 1 1 
1 1 1 1 1 1 1 1 1 
0 0 0 0 0 0 0 0 0 
