FR4
11 11
0 0.899002 0.899002 0.799103 0.599335 0.499435 0.299667 0.199768 0.199768 0.199768 0 
0 0.899002 0.899002 0.899002 0.799103 0.599335 0.399551 0.199768 0.199768 0.199768 0 
0 0.699219 0.699219 0.899002 0.998886 0.899002 0.599335 0.399551 0.199768 0.199768 0 
0 0.499435 0.599335 0.998886 1.19867 1.19867 0.998886 0.499435 0.299667 0.199768 0 
0 0.399551 0.599335 1.09877 1.29855 1.19867 1.09877 0.699219 0.399551 0.199768 0 
0 0.399551 0.499435 0.899002 1.09877 1.09877 0.899002 0.499435 0.399551 0.199768 0 
0 0.299667 0.299667 0.599335 0.899002 0.899002 0.599335 0.299667 0.099884 0.099884 0 
0 0.299667 0.199768 0.299667 0.599335 0.399551 0.399551 0.099884 0 0.099884 0 
0 0.199768 0.099884 0.099884 0.299667 0.199768 0.199768 0.199768 0.099884 0.099884 0 
0 0.199768 0.099884 0.099884 0.099884 0.099884 0.199768 0.199768 0.299667 0.199768 0 
0 0 0 0 0 0 0 0 0 0 0 
0 1 1 1 1 1 1 1 1 1 0 
0 1 1 1 1 1 1 1 1 1 0 
0 1 1 1 1 1 1 1 1 1 0 
0 1 1 1 1 1 1 1 1 1 0 
0 1 1 1 1 1 1 1 1 1 0 
0 1 1 1 1 1 1 1 1 1 0 
0 1 1 1 1 1 1 1 1 1 0 
0 1 1 1 1 1 1 1 1 1 0 
0 1 1 1 1 1 1 1 1 1 0 
0 1 1 1 1 1 1 1 1 1 0 
0 0 0 0 0 0 0 0 0 0 0 
