FR9
7 7
0 0 0 0.299759 0.199844 0.0999146 0.0999146 
0.0999146 0.199844 0.399689 0.599533 0.599533 0.199844 0 
0.199844 0.399689 0.599533 0.799377 0.799377 0.499603 0.199844 
0.0999146 0.399689 0.599533 0.799377 0.799377 0.599533 0.199844 
0.299759 0.199844 0.499603 0.599533 0.599533 0.499603 0.299759 
0.299759 0.199844 0.299759 0.399689 0.299759 0.199844 0.199844 
0 0 0 0 0 0 0 
1 1 1 1 1 1 1 
1 1 1 1 1 1 1 
1 1 1 1 1 1 1 
1 1 1 1 1 1 1 
1 1 1 1 1 1 1 
1 1 1 1 1 1 1 
0 0 0 0 0 0 0 
