1FR
11 11
0.599724 0.499771 0.499771 0.499771 0.599724 0.599724 0.499771 0.399818 0.499771 0.599724 0 
0.699677 0.399818 0.399818 0.699677 0.799629 0.899582 0.699677 0.499771 0.399818 0.499771 0 
0.599724 0.299866 0.499771 0.999542 1.09949 1.19945 1.09949 0.799629 0.399818 0.399818 0 
0.399818 0.399818 0.699677 1.09949 1.2994 1.2994 1.19945 0.999542 0.499771 0.399818 0 
0.299866 0.499771 0.799629 0.999542 1.19945 1.2994 1.2994 0.999542 0.599724 0.299866 0 
0.399818 0.399818 0.599724 1.09949 1.2994 1.39935 1.09949 0.899582 0.499771 0.399818 0 
0.399818 0.399818 0.399818 0.799629 0.999542 1.09949 0.999542 0.699677 0.299866 0.299866 0 
0.399818 0.0999527 0 0.299866 0.499771 0.699677 0.799629 0.599724 0.299866 0.299866 0 
0.299866 0.199905 0 0 0.0999527 0.299866 0.399818 0.299866 0.199905 0.299866 0 
0.199905 0.199905 0.0999527 0.0999527 0 0.0999527 0.0999527 0.0999527 0.0999527 0.0999527 0 
0.199905 0.0999527 0.0999527 0.0999527 0.0999527 0.0999527 0.0999527 0.0999527 0.0999527 0.0999527 0 
1 1 1 1 1 1 1 1 1 1 0 
1 1 1 1 1 1 1 1 1 1 0 
1 1 1 1 1 1 1 1 1 1 0 
1 1 1 1 1 1 1 1 1 1 0 
1 1 1 1 1 1 1 1 1 1 0 
1 1 1 1 1 1 1 1 1 1 0 
1 1 1 1 1 1 1 1 1 1 0 
1 1 1 1 1 1 1 1 1 1 0 
1 1 1 1 1 1 1 1 1 1 0 
1 1 1 1 1 1 1 1 1 1 0 
1 1 1 1 1 1 1 1 1 1 0 
