4FR
11 11
0 0.699478 0.399704 0.199844 0.499619 0.599548 0.599548 0.499619 0.599548 0.699478 0 
0 0.599548 0.499619 0.499619 0.899323 0.899323 0.499619 0.299774 0.399704 0.699478 0 
0 0.599548 0.699478 1.1991 1.29903 1.09918 0.799393 0.499619 0.499619 0.699478 0 
0 0.599548 0.999252 1.5988 1.69873 1.5988 1.49887 0.799393 0.599548 0.599548 0 
0 0.699478 1.1991 1.69873 1.79866 1.69873 1.5988 0.899323 0.499619 0.299774 0 
0 0.799393 1.1991 1.69873 1.79866 1.5988 1.1991 0.699478 0.499619 0.599548 0 
0 0.399704 0.999252 1.39896 1.49887 1.29903 0.899323 0.599548 0.499619 0.699478 0 
0 0 0.299774 0.799393 0.999252 0.699478 0.399704 0.399704 0.499619 0.799393 0 
0 0 0 0.399704 0.499619 0.299774 0.299774 0.499619 0.699478 0.699478 0 
0 0.199844 0.199844 0.399704 0.399704 0.299774 0.499619 0.699478 0.899323 0.799393 0 
0 0 0 0 0 0 0 0 0 0 0 
0 1 1 1 1 1 1 1 1 1 0 
0 1 1 1 1 1 1 1 1 1 0 
0 1 1 1 1 1 1 1 1 1 0 
0 1 1 1 1 1 1 1 1 1 0 
0 1 1 1 1 1 1 1 1 1 0 
0 1 1 1 1 1 1 1 1 1 0 
0 1 1 1 1 1 1 1 1 1 0 
0 1 1 1 1 1 1 1 1 1 0 
0 1 1 1 1 1 1 1 1 1 0 
0 1 1 1 1 1 1 1 1 1 0 
0 0 0 0 0 0 0 0 0 0 0 
