6FR
11 11
0.0999146 0.0999146 0.299759 0.399673 0.299759 0.199829 0.0999146 0 0.199829 0.299759 0 
0.199829 0.299759 0.399673 0.699417 0.699417 0.599503 0.499588 0.199829 0.0999146 0.199829 0 
0.299759 0.499588 0.799332 0.999176 1.09909 0.999176 0.799332 0.499588 0.0999146 0.199829 0 
0.499588 0.699417 0.999176 1.19901 1.09909 1.19901 1.09909 0.799332 0.299759 0.199829 0 
0.699417 0.899261 1.09909 1.19901 1.19901 1.29892 1.09909 0.899261 0.299759 0.0999146 0 
0.599503 0.999176 1.09909 1.09909 1.09909 1.19901 1.09909 0.699417 0.399673 0.199829 0 
0.399673 0.799332 0.999176 0.999176 1.19901 1.19901 0.999176 0.599503 0.199829 0.199829 0 
0.299759 0.699417 0.999176 0.999176 1.19901 1.09909 0.799332 0.299759 0.0999146 0.199829 0 
0.0999146 0.499588 0.499588 0.699417 0.899261 0.599503 0.399673 0.199829 0 0.299759 0 
0.0999146 0.0999146 0.299759 0.299759 0.299759 0.199829 0.0999146 0.0999146 0.0999146 0.299759 0 
0.299759 0.199829 0.0999146 0.0999146 0.199829 0.0999146 0.0999146 0.199829 0.299759 0.399673 0 
1 1 1 1 1 1 1 1 1 1 0 
1 1 1 1 1 1 1 1 1 1 0 
1 1 1 1 1 1 1 1 1 1 0 
1 1 1 1 1 1 1 1 1 1 0 
1 1 1 1 1 1 1 1 1 1 0 
1 1 1 1 1 1 1 1 1 1 0 
1 1 1 1 1 1 1 1 1 1 0 
1 1 1 1 1 1 1 1 1 1 0 
1 1 1 1 1 1 1 1 1 1 0 
1 1 1 1 1 1 1 1 1 1 0 
1 1 1 1 1 1 1 1 1 1 0 
