10FR
15 15
0 0 0 0 0 0 0 0 0 0 0 0 0 0 0 
0.699448 0.399689 0.299759 0.599533 1.09914 1.29898 1.39891 1.29898 0.899292 0.799377 1.09914 1.09914 1.29898 1.29898 1.29898 
0.599533 0.499603 0.699448 1.29898 1.59875 1.7986 1.99844 1.99844 1.59875 1.39891 1.19907 0.899292 1.09914 1.19907 1.29898 
0.399689 0.699448 1.39891 1.89853 2.09837 2.09837 2.29822 2.09837 2.09837 1.89853 1.49883 0.899292 0.799377 1.19907 1.29898 
0.599533 1.09914 1.89853 2.39813 2.29822 2.19829 2.39813 2.39813 2.19829 2.09837 1.7986 1.09914 0.799377 0.999222 1.39891 
0.699448 1.29898 1.99844 2.39813 2.39813 2.29822 2.29822 2.29822 1.99844 2.09837 1.99844 1.19907 0.899292 0.999222 1.09914 
0.599533 1.39891 1.89853 2.19829 2.29822 2.19829 2.19829 2.19829 1.89853 1.89853 1.89853 1.59875 1.09914 0.899292 1.09914 
0.599533 1.19907 1.7986 1.99844 2.19829 2.09837 1.89853 1.89853 1.99844 1.89853 1.69868 1.19907 0.899292 0.799377 0.899292 
0.499603 0.899292 1.39891 1.69868 1.89853 1.89853 1.7986 1.7986 1.7986 1.69868 1.29898 0.699448 0.699448 0.599533 0.799377 
0.599533 0.599533 0.999222 1.59875 1.7986 1.69868 1.69868 1.69868 1.7986 1.59875 0.799377 0.599533 0.799377 0.699448 0.899292 
0.499603 0.399689 0.499603 0.899292 1.39891 1.59875 1.59875 1.39891 1.49883 1.19907 0.699448 0.699448 0.699448 0.799377 0.899292 
0.599533 0.599533 0.499603 0.399689 0.699448 0.899292 0.999222 0.799377 0.799377 0.699448 0.499603 0.599533 0.699448 0.799377 0.799377 
0.599533 0.599533 0.299759 0 0.0999146 0.0999146 0 0.199844 0.499603 0.799377 0.599533 0.699448 0.799377 0.799377 0.799377 
0 0 0 0 0 0 0 0 0 0 0 0 0 0 0 
0 0 0 0 0 0 0 0 0 0 0 0 0 0 0 
0 0 0 0 0 0 0 0 0 0 0 0 0 0 0 
1 1 1 1 1 1 1 1 1 1 1 1 1 1 1 
1 1 1 1 1 1 1 1 1 1 1 1 1 1 1 
1 1 1 1 1 1 1 1 1 1 1 1 1 1 1 
1 1 1 1 1 1 1 1 1 1 1 1 1 1 1 
1 1 1 1 1 1 1 1 1 1 1 1 1 1 1 
1 1 1 1 1 1 1 1 1 1 1 1 1 1 1 
1 1 1 1 1 1 1 1 1 1 1 1 1 1 1 
1 1 1 1 1 1 1 1 1 1 1 1 1 1 1 
1 1 1 1 1 1 1 1 1 1 1 1 1 1 1 
1 1 1 1 1 1 1 1 1 1 1 1 1 1 1 
1 1 1 1 1 1 1 1 1 1 1 1 1 1 1 
1 1 1 1 1 1 1 1 1 1 1 1 1 1 1 
0 0 0 0 0 0 0 0 0 0 0 0 0 0 0 
0 0 0 0 0 0 0 0 0 0 0 0 0 0 0 
