FR0
9 9
0 0 0 0 0 0 0 0 0 
0.299637 0.299637 0.299637 0.19976 0.19976 0.19976 0.299637 0.299637 0 
0.299637 0.399513 0.399513 0.299637 0.299637 0.299637 0.299637 0.49939 0 
0.299637 0.299637 0.49939 0.69915 0.898903 0.599274 0.299637 0.299637 0 
0.099884 0.299637 0.599274 0.599274 0.69915 0.399513 0.099884 0.299637 0 
0.099884 0.299637 0.49939 0.399513 0.299637 0.099884 0.099884 0.19976 0 
0.099884 0.099884 0.19976 0.19976 0.099884 0 0.099884 0.19976 0 
0.19976 0.19976 0.19976 0.19976 0.19976 0.099884 0.099884 0.099884 0 
0 0 0 0 0 0 0 0 0 
0 0 0 0 0 0 0 0 0 
1 1 1 1 1 1 1 1 0 
1 1 1 1 1 1 1 1 0 
1 1 1 1 1 1 1 1 0 
1 1 1 1 1 1 1 1 0 
1 1 1 1 1 1 1 1 0 
1 1 1 1 1 1 1 1 0 
1 1 1 1 1 1 1 1 0 
0 0 0 0 0 0 0 0 0 
