FR100
9 9
0.19989 0 0.0999451 0.19989 0.19989 0.29985 0.29985 0.29985 0.29985 
0.29985 0.0999451 0.399796 0.699646 0.799606 0.399796 0.19989 0.29985 0.399796 
0.19989 0.29985 0.899551 1.29936 1.49927 0.999512 0.599701 0.499756 0.399796 
0.0999451 0.699646 1.1994 1.49927 1.69916 1.29936 0.799606 0.399796 0.399796 
0.19989 0.799606 1.09946 1.29936 1.29936 1.1994 0.699646 0.29985 0.399796 
0.29985 0.799606 0.999512 0.999512 0.899551 0.899551 0.499756 0.29985 0.499756 
0.599701 0.899551 0.699646 0.699646 0.599701 0.599701 0.499756 0.699646 0.799606 
0.899551 0.699646 0.599701 0.499756 0.399796 0.499756 0.799606 0.899551 0.799606 
0 0 0 0 0 0 0 0 0 
1 1 1 1 1 1 1 1 1 
1 1 1 1 1 1 1 1 1 
1 1 1 1 1 1 1 1 1 
1 1 1 1 1 1 1 1 1 
1 1 1 1 1 1 1 1 1 
1 1 1 1 1 1 1 1 1 
1 1 1 1 1 1 1 1 1 
1 1 1 1 1 1 1 1 1 
0 0 0 0 0 0 0 0 0 
