FR101
11 11
0 0.999512 0.699661 0.599701 0.599701 0.499756 0.29985 0.199905 0.0999451 0 0 
0 0.899567 0.599701 0.599701 0.799606 0.699661 0.399811 0.399811 0.399811 0.29985 0 
0 0.999512 0.699661 0.799606 1.19942 0.999512 0.899567 0.599701 0.399811 0.399811 0 
0 0.999512 0.799606 1.39932 1.79912 1.79912 1.39932 0.999512 0.499756 0.599701 0 
0 0.699661 0.999512 1.89908 2.29887 2.19893 1.79912 1.19942 0.599701 0.499756 0 
0 0.699661 1.09946 1.79912 2.09898 2.09898 1.79912 1.19942 0.799606 0.699661 0 
0 0.799606 0.899567 1.29936 2.19893 1.99902 1.49927 1.19942 0.699661 0.699661 0 
0 0.899567 0.799606 0.799606 1.39932 1.19942 0.999512 0.699661 0.699661 0.399811 0 
0 0.699661 0.699661 0.599701 0.499756 0.599701 0.599701 0.499756 0.599701 0.199905 0 
0 0.599701 0.599701 0.599701 0.799606 0.699661 0.399811 0.399811 0.199905 0.0999451 0 
0 0 0 0 0 0 0 0 0 0 0 
0 1 1 1 1 1 1 1 1 1 0 
0 1 1 1 1 1 1 1 1 1 0 
0 1 1 1 1 1 1 1 1 1 0 
0 1 1 1 1 1 1 1 1 1 0 
0 1 1 1 1 1 1 1 1 1 0 
0 1 1 1 1 1 1 1 1 1 0 
0 1 1 1 1 1 1 1 1 1 0 
0 1 1 1 1 1 1 1 1 1 0 
0 1 1 1 1 1 1 1 1 1 0 
0 1 1 1 1 1 1 1 1 1 0 
0 0 0 0 0 0 0 0 0 0 0 
