FR113
15 15
0 0 0 0 0 0 0 0 0 0 0 0 0 0 0 
0.499344 0.199738 0 0.0998688 0.0998688 0.0998688 0.0998688 0 0.199738 0.299606 0.399475 0.299606 0.299606 0.399475 0 
0.0998688 0 0.0998688 0 0.0998688 0.199738 0.299606 0.399475 0.399475 0.499344 0.499344 0.499344 0.499344 0.399475 0 
0.0998688 0.0998688 0.0998688 0.0998688 0 0.399475 0.699081 0.798965 0.798965 0.798965 0.798965 0.699081 0.499344 0.299606 0 
0.199738 0 0.0998688 0.199738 0.399475 0.898834 1.29831 1.29831 1.29831 1.19844 0.998703 0.699081 0.499344 0.199738 0 
0.199738 0.199738 0.299606 0.499344 0.699081 1.09857 1.59792 1.69778 1.79767 1.59792 1.19844 0.798965 0.399475 0.299606 0 
0.299606 0.399475 0.599213 0.798965 0.998703 1.39818 1.69778 1.69778 1.99741 1.79767 1.29831 0.699081 0.299606 0.399475 0 
0.399475 0.299606 0.699081 1.09857 1.39818 1.59792 1.69778 1.69778 1.89754 1.59792 1.09857 0.499344 0.299606 0.299606 0 
0.299606 0.199738 0.499344 0.798965 1.19844 1.49805 1.39818 1.49805 1.49805 1.19844 0.898834 0.299606 0.399475 0.399475 0 
0.299606 0.199738 0.399475 0.599213 0.898834 1.09857 0.998703 0.998703 0.998703 0.798965 0.499344 0.299606 0.299606 0.399475 0 
0.399475 0.199738 0.199738 0.299606 0.499344 0.599213 0.599213 0.599213 0.599213 0.299606 0.199738 0.199738 0.299606 0.499344 0 
0.499344 0.199738 0.199738 0.199738 0.299606 0.299606 0.299606 0.299606 0.199738 0.0998688 0.0998688 0.199738 0.399475 0.499344 0 
0.399475 0.199738 0.199738 0.199738 0.199738 0.299606 0.199738 0.0998688 0 0.0998688 0.399475 0.499344 0.599213 0.599213 0 
0.399475 0.299606 0.199738 0.299606 0.399475 0.299606 0.299606 0.299606 0.299606 0.299606 0.499344 0.499344 0.599213 0.599213 0 
0 0 0 0 0 0 0 0 0 0 0 0 0 0 0 
0 0 0 0 0 0 0 0 0 0 0 0 0 0 0 
1 1 1 1 1 1 1 1 1 1 1 1 1 1 0 
1 1 1 1 1 1 1 1 1 1 1 1 1 1 0 
1 1 1 1 1 1 1 1 1 1 1 1 1 1 0 
1 1 1 1 1 1 1 1 1 1 1 1 1 1 0 
1 1 1 1 1 1 1 1 1 1 1 1 1 1 0 
1 1 1 1 1 1 1 1 1 1 1 1 1 1 0 
1 1 1 1 1 1 1 1 1 1 1 1 1 1 0 
1 1 1 1 1 1 1 1 1 1 1 1 1 1 0 
1 1 1 1 1 1 1 1 1 1 1 1 1 1 0 
1 1 1 1 1 1 1 1 1 1 1 1 1 1 0 
1 1 1 1 1 1 1 1 1 1 1 1 1 1 0 
1 1 1 1 1 1 1 1 1 1 1 1 1 1 0 
1 1 1 1 1 1 1 1 1 1 1 1 1 1 0 
0 0 0 0 0 0 0 0 0 0 0 0 0 0 0 
