FR118
7 7
0.299774 0.399689 0.299774 0.0999146 0.199844 0.0999146 0.0999146 
0.0999146 0.0999146 0.299774 0.499619 0.299774 0.199844 0.0999146 
0 0.0999146 0.499619 0.499619 0.399689 0.199844 0.0999146 
0.199844 0.199844 0.499619 0.499619 0.399689 0.0999146 0 
0.199844 0.0999146 0.399689 0.499619 0.299774 0.199844 0.199844 
0.299774 0.199844 0.199844 0.0999146 0.199844 0.0999146 0.199844 
0 0 0 0 0 0 0 
1 1 1 1 1 1 1 
1 1 1 1 1 1 1 
1 1 1 1 1 1 1 
1 1 1 1 1 1 1 
1 1 1 1 1 1 1 
1 1 1 1 1 1 1 
0 0 0 0 0 0 0 
