FR11
9 9
0 0 0 0 0 0 0 0 0 
0.299744 0.299744 0.205353 0.305298 0.205353 0.205353 0.305298 0.305298 0 
0.399658 0.0999146 0.00547791 0.105423 0.105423 0.205353 0.105423 0.105423 0 
0.399658 0.0999146 0.205353 0.305298 0.405228 0.305298 0.205353 0.105423 0 
0.299744 0 0.205353 0.605103 0.605103 0.505173 0.205353 0.205353 0 
0.199829 0.0999146 0.205353 0.505173 0.705048 0.405228 0.205353 0.305298 0 
0.199829 0.199829 0.205353 0.305298 0.405228 0.405228 0.205353 0.205353 0 
0.0999146 0.199829 0.305298 0.205353 0.205353 0.305298 0.305298 0.305298 0 
0 0 0 0 0 0 0 0 0 
0 0 0 0 0 0 0 0 0 
1 1 1 1 1 1 1 1 0 
1 1 1 1 1 1 1 1 0 
1 1 1 1 1 1 1 1 0 
1 1 1 1 1 1 1 1 0 
1 1 1 1 1 1 1 1 0 
1 1 1 1 1 1 1 1 0 
1 1 1 1 1 1 1 1 0 
0 0 0 0 0 0 0 0 0 
