FR124
13 13
0 0 0 0 0 0 0 0 0 0 0 0 0 
0.399796 0.399796 0.19989 0.0999451 0.29985 0.29985 0.599686 0.599686 0.599686 0.899536 0.999481 1.09943 0 
0.29985 0.19989 0.0999451 0.399796 0.499741 0.799591 0.999481 0.699631 0.499741 0.699631 0.999481 1.39928 0 
0.19989 0.19989 0.399796 0.899536 1.19937 1.39928 1.59917 1.09943 0.599686 0.599686 0.999481 1.39928 0 
0.0999451 0 0.499741 1.19937 1.49922 1.59917 1.69911 1.49922 1.09943 0.899536 0.899536 1.29933 0 
0.19989 0.29985 0.799591 1.49922 1.59917 1.59917 1.59917 1.59917 1.29933 0.899536 0.899536 1.19937 0 
0.399796 0.699631 1.09943 1.69911 1.69911 1.49922 1.59917 1.79907 1.69911 0.899536 0.899536 1.19937 0 
0.399796 0.499741 0.899536 1.49922 1.69911 1.69911 1.79907 1.79907 1.59917 0.999481 0.699631 1.29933 0 
0.399796 0.399796 0.499741 0.999481 1.59917 1.69911 1.59917 1.59917 1.39928 0.799591 0.599686 1.09943 0 
0.499741 0.599686 0.399796 0.699631 0.999481 1.29933 0.999481 0.799591 0.799591 0.699631 0.899536 1.19937 0 
0.699631 0.799591 0.599686 0.399796 0.399796 0.499741 0.499741 0.399796 0.699631 0.899536 1.19937 1.49922 0 
0.799591 0.899536 0.899536 0.599686 0.699631 0.799591 0.699631 0.699631 0.799591 1.09943 1.39928 1.59917 0 
0 0 0 0 0 0 0 0 0 0 0 0 0 
0 0 0 0 0 0 0 0 0 0 0 0 0 
1 1 1 1 1 1 1 1 1 1 1 1 0 
1 1 1 1 1 1 1 1 1 1 1 1 0 
1 1 1 1 1 1 1 1 1 1 1 1 0 
1 1 1 1 1 1 1 1 1 1 1 1 0 
1 1 1 1 1 1 1 1 1 1 1 1 0 
1 1 1 1 1 1 1 1 1 1 1 1 0 
1 1 1 1 1 1 1 1 1 1 1 1 0 
1 1 1 1 1 1 1 1 1 1 1 1 0 
1 1 1 1 1 1 1 1 1 1 1 1 0 
1 1 1 1 1 1 1 1 1 1 1 1 0 
1 1 1 1 1 1 1 1 1 1 1 1 0 
0 0 0 0 0 0 0 0 0 0 0 0 0 
