FR125
9 9
0.39978 0.599686 0.599686 0.599686 0.699631 0.599686 0.599686 0.39978 0 
0.403503 0.603394 0.703354 0.903259 0.903259 0.703354 0.703354 0.503448 0.303543 
0.403503 0.503448 0.903259 1.30307 1.40302 1.20311 0.903259 0.603394 0.503448 
0.403503 0.803299 1.40302 1.70288 1.70288 1.60292 1.10316 0.703354 0.703354 
0.603394 1.10316 1.80283 1.90279 1.80283 1.90279 1.30307 1.0032 0.803299 
0.803299 1.0032 1.50298 1.70288 1.80283 1.60292 1.30307 1.0032 0.903259 
1.10316 1.20311 1.20311 1.50298 1.50298 1.30307 1.20311 1.10316 1.0032 
1.20311 1.30307 1.20311 1.20311 1.20311 1.20311 1.30307 1.20311 1.10316 
0 0 0 0 0 0 0 0 0 
1 1 1 1 1 1 1 1 1 
1 1 1 1 1 1 1 1 1 
1 1 1 1 1 1 1 1 1 
1 1 1 1 1 1 1 1 1 
1 1 1 1 1 1 1 1 1 
1 1 1 1 1 1 1 1 1 
1 1 1 1 1 1 1 1 1 
1 1 1 1 1 1 1 1 1 
0 0 0 0 0 0 0 0 0 
