FR123
7 7
0.19989 0 0.0999451 0.299835 0.39978 0.39978 0.39978 
0.299835 0.299835 0.299835 0.599686 0.599686 0.299835 0.299835 
0.39978 0.599686 0.699631 0.899521 0.899521 0.499741 0.19989 
0.299835 0.699631 1.09943 1.19937 0.999481 0.699631 0.39978 
0.39978 0.499741 0.899521 1.19937 1.09943 0.699631 0.699631 
0.39978 0.499741 0.899521 0.899521 0.899521 0.599686 0.799576 
0.699631 0.599686 0.799576 0.699631 0.499741 0.599686 0.699631 
1 1 1 1 1 1 1 
1 1 1 1 1 1 1 
1 1 1 1 1 1 1 
1 1 1 1 1 1 1 
1 1 1 1 1 1 1 
1 1 1 1 1 1 1 
1 1 1 1 1 1 1 
