FR132
9 9
0.299835 0.299835 0.19989 0.39978 0.299835 0.299835 0.299835 0.39978 0 
0.19989 0.299835 0.499741 0.599686 0.499741 0.39978 0.19989 0.19989 0 
0.299835 0.39978 0.699631 0.899521 0.899521 0.39978 0.19989 0.19989 0 
0.19989 0.499741 0.799576 1.19936 1.09941 0.699631 0.19989 0.0999451 0 
0.0999451 0.299835 0.799576 0.999466 0.799576 0.599686 0.299835 0.0999451 0 
0.19989 0.0999451 0.499741 0.499741 0.499741 0.299835 0.19989 0.19989 0 
0.19989 0.0999451 0.0999451 0.0999451 0.0999451 0.0999451 0.19989 0.299835 0 
0.39978 0.0999451 0.19989 0 0 0.19989 0.299835 0.299835 0 
0 0 0 0 0 0 0 0 0 
1 1 1 1 1 1 1 1 0 
1 1 1 1 1 1 1 1 0 
1 1 1 1 1 1 1 1 0 
1 1 1 1 1 1 1 1 0 
1 1 1 1 1 1 1 1 0 
1 1 1 1 1 1 1 1 0 
1 1 1 1 1 1 1 1 0 
1 1 1 1 1 1 1 1 0 
0 0 0 0 0 0 0 0 0 
