FR13
15 15
0 0 0 0 0 0 0 0 0 0 0 0 0 0 0 
1.39897 1.29904 1.19911 0.999268 0.899338 0.699478 0.699478 0.599564 0.399704 0.299774 0.19986 0.399704 0.299774 0 0 
1.39897 1.29904 1.09918 0.999268 0.799408 0.799408 0.899338 0.799408 0.799408 0.599564 0.399704 0.399704 0.399704 0.299774 0 
1.29904 1.19911 0.999268 0.999268 1.09918 1.19911 1.29904 1.29904 0.999268 0.799408 0.599564 0.499634 0.499634 0.399704 0 
1.09918 0.999268 1.09918 1.29904 1.69875 1.79868 1.79868 1.69875 1.29904 0.999268 0.799408 0.699478 0.499634 0.399704 0 
0.999268 0.999268 1.19911 1.49889 1.99852 2.09845 2.09845 1.89859 1.69875 1.49889 1.09918 0.799408 0.699478 0.599564 0 
0.899338 0.899338 1.19911 1.59882 1.99852 2.19838 2.19838 2.09845 2.09845 1.79868 1.49889 0.999268 0.799408 0.699478 0 
0.899338 0.799408 1.09918 1.49889 1.99852 2.29829 2.29829 2.19838 2.19838 1.89859 1.49889 1.29904 0.999268 0.799408 0 
0.899338 0.799408 0.899338 1.29904 1.79868 2.19838 2.29829 2.19838 1.99852 1.69875 1.39897 1.39897 1.19911 0.899338 0 
0.899338 0.899338 0.799408 0.899338 1.29904 1.59882 1.69875 1.49889 1.39897 1.19911 0.899338 1.09918 1.09918 0.999268 0 
0.899338 0.899338 0.799408 0.699478 0.899338 0.899338 0.999268 0.899338 0.799408 0.699478 0.599564 0.899338 0.999268 0.899338 0 
0.799408 0.899338 0.799408 0.799408 0.799408 0.599564 0.699478 0.599564 0.499634 0.599564 0.499634 0.599564 0.699478 0.799408 0 
0.799408 0.899338 0.799408 0.599564 0.699478 0.699478 0.699478 0.599564 0.599564 0.499634 0.399704 0.499634 0.599564 0.699478 0 
0 0 0 0 0 0 0 0 0 0 0 0 0 0 0 
0 0 0 0 0 0 0 0 0 0 0 0 0 0 0 
0 0 0 0 0 0 0 0 0 0 0 0 0 0 0 
1 1 1 1 1 1 1 1 1 1 1 1 1 1 0 
1 1 1 1 1 1 1 1 1 1 1 1 1 1 0 
1 1 1 1 1 1 1 1 1 1 1 1 1 1 0 
1 1 1 1 1 1 1 1 1 1 1 1 1 1 0 
1 1 1 1 1 1 1 1 1 1 1 1 1 1 0 
1 1 1 1 1 1 1 1 1 1 1 1 1 1 0 
1 1 1 1 1 1 1 1 1 1 1 1 1 1 0 
1 1 1 1 1 1 1 1 1 1 1 1 1 1 0 
1 1 1 1 1 1 1 1 1 1 1 1 1 1 0 
1 1 1 1 1 1 1 1 1 1 1 1 1 1 0 
1 1 1 1 1 1 1 1 1 1 1 1 1 1 0 
1 1 1 1 1 1 1 1 1 1 1 1 1 1 0 
0 0 0 0 0 0 0 0 0 0 0 0 0 0 0 
0 0 0 0 0 0 0 0 0 0 0 0 0 0 0 
