FR15
19 19
0 0 0.0999298 0.399704 0.399704 0.399704 0.299774 0.199844 0.199844 0.299774 0.299774 0.0999298 0.199844 0.399704 0.499634 0.399704 0.499634 0 0 
0 0 0.0999298 0.299774 0.299774 0.199844 0.199844 0.0999298 0.0999298 0.199844 0.299774 0.199844 0.199844 0.499634 0.599548 0.599548 0.699478 0 0 
0 0 0.299774 0.399704 0.299774 0.199844 0.199844 0.199844 0.299774 0.399704 0.499634 0.499634 0.299774 0.499634 0.599548 0.599548 0.799408 0 0 
0 0 0.0999298 0.199844 0.199844 0.299774 0.499634 0.699478 0.699478 0.799408 0.699478 0.599548 0.499634 0.499634 0.599548 0.799408 0.999252 0 0 
0 0 0.199844 0.199844 0.399704 0.599548 0.899338 0.999252 1.19911 1.19911 0.999252 0.699478 0.499634 0.499634 0.499634 0.799408 1.09918 0 0 
0 0 0.299774 0.199844 0.699478 1.19911 1.39896 1.39896 1.49889 1.59882 1.39896 1.19911 0.899338 0.499634 0.399704 0.799408 0.999252 0 0 
0 0 0.499634 0.599548 0.999252 1.39896 1.69875 1.69875 1.69875 1.79866 1.59882 1.49889 1.09918 0.799408 0.599548 0.799408 0.999252 0 0 
0 0 0.599548 0.699478 1.19911 1.79866 1.79866 1.69875 1.69875 1.69875 1.79866 1.69875 1.29904 0.799408 0.699478 0.799408 1.09918 0 0 
0 0 0.699478 0.799408 1.19911 1.89859 1.99852 1.89859 1.79866 1.89859 1.89859 1.79866 1.29904 0.899338 0.699478 0.799408 0.999252 0 0 
0 0 0.799408 0.999252 1.29904 1.79866 2.09845 2.09845 1.99852 2.09845 1.99852 1.69875 1.19911 0.799408 0.599548 0.699478 0.799408 0 0 
0 0 0.899338 0.899338 0.999252 1.29904 1.79866 1.99852 1.89859 1.99852 1.79866 1.29904 0.899338 0.599548 0.399704 0.499634 0.799408 0 0 
0 0 0.799408 0.599548 0.599548 0.999252 1.19911 1.39896 1.39896 1.39896 1.19911 0.899338 0.499634 0.299774 0.399704 0.599548 0.699478 0 0 
0 0 0.699478 0.599548 0.499634 0.499634 0.699478 0.799408 0.799408 0.699478 0.599548 0.299774 0.199844 0.199844 0.399704 0.699478 0.699478 0 0 
0 0 0.599548 0.599548 0.499634 0.399704 0.599548 0.599548 0.399704 0.199844 0.0999298 0 0.0999298 0.299774 0.499634 0.599548 0.599548 0 0 
0 0 0.399704 0.399704 0.499634 0.499634 0.499634 0.399704 0.199844 0.0999298 0.0999298 0.0999298 0.199844 0.399704 0.599548 0.599548 0.499634 0 0 
0 0 0.399704 0.399704 0.399704 0.399704 0.399704 0.399704 0.299774 0.199844 0.0999298 0.299774 0.399704 0.499634 0.699478 0.499634 0.499634 0 0 
0 0 0.499634 0.399704 0.399704 0.399704 0.399704 0.299774 0.399704 0.299774 0.299774 0.499634 0.499634 0.399704 0.499634 0.499634 0.499634 0 0 
0 0 0.499634 0.299774 0.299774 0.299774 0.199844 0.299774 0.399704 0.299774 0.299774 0.399704 0.499634 0.499634 0.399704 0.499634 0.499634 0 0 
0 0 0 0 0 0 0 0 0 0 0 0 0 0 0 0 0 0 0 
0 0 1 1 1 1 1 1 1 1 1 1 1 1 1 1 1 0 0 
0 0 1 1 1 1 1 1 1 1 1 1 1 1 1 1 1 0 0 
0 0 1 1 1 1 1 1 1 1 1 1 1 1 1 1 1 0 0 
0 0 1 1 1 1 1 1 1 1 1 1 1 1 1 1 1 0 0 
0 0 1 1 1 1 1 1 1 1 1 1 1 1 1 1 1 0 0 
0 0 1 1 1 1 1 1 1 1 1 1 1 1 1 1 1 0 0 
0 0 1 1 1 1 1 1 1 1 1 1 1 1 1 1 1 0 0 
0 0 1 1 1 1 1 1 1 1 1 1 1 1 1 1 1 0 0 
0 0 1 1 1 1 1 1 1 1 1 1 1 1 1 1 1 0 0 
0 0 1 1 1 1 1 1 1 1 1 1 1 1 1 1 1 0 0 
0 0 1 1 1 1 1 1 1 1 1 1 1 1 1 1 1 0 0 
0 0 1 1 1 1 1 1 1 1 1 1 1 1 1 1 1 0 0 
0 0 1 1 1 1 1 1 1 1 1 1 1 1 1 1 1 0 0 
0 0 1 1 1 1 1 1 1 1 1 1 1 1 1 1 1 0 0 
0 0 1 1 1 1 1 1 1 1 1 1 1 1 1 1 1 0 0 
0 0 1 1 1 1 1 1 1 1 1 1 1 1 1 1 1 0 0 
0 0 1 1 1 1 1 1 1 1 1 1 1 1 1 1 1 0 0 
0 0 1 1 1 1 1 1 1 1 1 1 1 1 1 1 1 0 0 
0 0 0 0 0 0 0 0 0 0 0 0 0 0 0 0 0 0 0 
