FR153
19 19
0 0 0 0 0 0 0 0 0 0 0 0 0 0 0 0 0 0 0 
1.49928 1.29938 0.999527 0.699661 0.699661 0.699661 0.599716 0.699661 0.799622 0.799622 0.599716 0.599716 0.699661 0.799622 1.19943 1.39932 1.69919 1.99904 2.09898 
1.39932 1.19943 0.799622 0.699661 0.799622 0.799622 0.699661 0.799622 0.999527 1.09947 1.09947 0.899567 0.599716 0.699661 0.899567 1.19943 1.39932 1.59923 1.59923 
1.29938 1.19943 0.699661 0.599716 0.899567 0.899567 0.999527 1.29938 1.39932 1.49928 1.59923 1.49928 1.19943 0.899567 0.699661 0.799622 0.999527 1.19943 1.19943 
1.09947 0.799622 0.499771 0.499771 0.899567 1.09947 1.19943 1.29938 1.39932 1.49928 1.39932 1.39932 1.39932 1.19943 0.999527 0.899567 0.799622 0.799622 0.799622 
0.599716 0.399811 0.399811 0.499771 0.899567 0.999527 1.09947 1.09947 0.999527 1.19943 1.19943 1.19943 1.29938 1.39932 1.39932 1.19943 0.899567 0.699661 0.699661 
0.399811 0.199905 0.499771 0.599716 0.899567 0.999527 0.999527 0.799622 1.09947 1.09947 1.09947 1.19943 1.29938 1.49928 1.39932 1.19943 0.899567 0.599716 0.699661 
0.499771 0.299866 0.399811 0.599716 0.999527 0.899567 0.799622 0.799622 0.999527 1.09947 1.09947 1.19943 1.29938 1.49928 1.29938 1.19943 0.799622 0.599716 0.399811 
0.499771 0.299866 0.199905 0.599716 0.999527 0.899567 0.999527 0.899567 0.999527 0.899567 0.799622 0.899567 1.09947 1.29938 1.19943 1.09947 0.899567 0.599716 0.399811 
0.499771 0.399811 0.499771 0.599716 0.799622 0.899567 0.999527 1.09947 0.999527 0.899567 0.799622 0.799622 0.999527 1.09947 1.19943 1.09947 0.999527 0.699661 0.699661 
0.499771 0.299866 0.399811 0.499771 0.699661 0.999527 0.999527 0.999527 0.999527 0.999527 0.899567 0.899567 0.899567 0.999527 1.09947 1.09947 0.799622 0.599716 0.799622 
0.399811 0.299866 0.299866 0.499771 0.999527 1.19943 1.09947 0.899567 0.899567 0.999527 0.899567 0.899567 0.899567 0.999527 0.999527 0.899567 0.599716 0.599716 0.799622 
0.499771 0.399811 0.499771 0.799622 0.999527 0.999527 1.09947 1.09947 1.09947 0.999527 0.799622 0.699661 0.899567 0.899567 0.899567 0.699661 0.499771 0.599716 0.699661 
0.499771 0.499771 0.499771 0.699661 0.799622 0.899567 0.899567 0.899567 0.999527 0.899567 0.699661 0.799622 0.899567 0.899567 0.799622 0.499771 0.299866 0.299866 0.399811 
0.399811 0.399811 0.399811 0.599716 0.699661 0.799622 0.699661 0.699661 0.799622 0.799622 0.499771 0.599716 0.399811 0.599716 0.399811 0.299866 0.199905 0.399811 0.499771 
0.399811 0.399811 0.299866 0.299866 0.399811 0.499771 0.399811 0.399811 0.499771 0.499771 0.399811 0.199905 0 0.0999603 0.199905 0.299866 0.399811 0.499771 0.599716 
0.299866 0.499771 0.399811 0.299866 0.199905 0.0999603 0.199905 0.199905 0.0999603 0 0.0999603 0.0999603 0 0.0999603 0.399811 0.499771 0.599716 0.499771 0.499771 
0.399811 0.299866 0.299866 0.299866 0.299866 0.199905 0.0999603 0.0999603 0.0999603 0.0999603 0.199905 0.0999603 0.0999603 0.199905 0.499771 0.499771 0.599716 0.499771 0.599716 
0 0 0 0 0 0 0 0 0 0 0 0 0 0 0 0 0 0 0 
0 0 0 0 0 0 0 0 0 0 0 0 0 0 0 0 0 0 0 
1 1 1 1 1 1 1 1 1 1 1 1 1 1 1 1 1 1 1 
1 1 1 1 1 1 1 1 1 1 1 1 1 1 1 1 1 1 1 
1 1 1 1 1 1 1 1 1 1 1 1 1 1 1 1 1 1 1 
1 1 1 1 1 1 1 1 1 1 1 1 1 1 1 1 1 1 1 
1 1 1 1 1 1 1 1 1 1 1 1 1 1 1 1 1 1 1 
1 1 1 1 1 1 1 1 1 1 1 1 1 1 1 1 1 1 1 
1 1 1 1 1 1 1 1 1 1 1 1 1 1 1 1 1 1 1 
1 1 1 1 1 1 1 1 1 1 1 1 1 1 1 1 1 1 1 
1 1 1 1 1 1 1 1 1 1 1 1 1 1 1 1 1 1 1 
1 1 1 1 1 1 1 1 1 1 1 1 1 1 1 1 1 1 1 
1 1 1 1 1 1 1 1 1 1 1 1 1 1 1 1 1 1 1 
1 1 1 1 1 1 1 1 1 1 1 1 1 1 1 1 1 1 1 
1 1 1 1 1 1 1 1 1 1 1 1 1 1 1 1 1 1 1 
1 1 1 1 1 1 1 1 1 1 1 1 1 1 1 1 1 1 1 
1 1 1 1 1 1 1 1 1 1 1 1 1 1 1 1 1 1 1 
1 1 1 1 1 1 1 1 1 1 1 1 1 1 1 1 1 1 1 
1 1 1 1 1 1 1 1 1 1 1 1 1 1 1 1 1 1 1 
0 0 0 0 0 0 0 0 0 0 0 0 0 0 0 0 0 0 0 
