FR151
17 17
0.399811 0.599716 0.699661 0.599716 0.599716 0.599716 0.799622 0.699661 0.799622 0.999512 1.09947 1.29938 1.39932 1.39932 1.39932 1.49927 1.59923 
0.499756 0.499756 0.599716 0.499756 0.499756 0.699661 0.999512 0.999512 1.09947 1.19942 1.39932 1.39932 1.29938 1.39932 1.39932 1.59923 1.59923 
0.699661 0.599716 0.499756 0.29985 0.399811 0.899567 1.09947 1.49927 1.69917 1.69917 1.79913 1.69917 1.49927 1.49927 1.49927 1.59923 1.59923 
0.599716 0.499756 0.29985 0.29985 0.799622 1.19942 1.49927 1.99904 2.09898 2.19893 2.19893 1.99904 1.99904 1.69917 1.49927 1.59923 1.59923 
0.699661 0.599716 0.399811 0.599716 1.09947 1.49927 1.89908 2.09898 1.99904 2.09898 2.29889 2.39883 2.19893 1.89908 1.59923 1.39932 1.39932 
0.699661 0.399811 0.499756 0.899567 1.39932 1.79913 2.09898 2.19893 2.19893 2.09898 2.19893 2.29889 2.39883 2.09898 1.69917 1.39932 1.19942 
0.599716 0.499756 0.799622 1.19942 1.69917 2.09898 2.09898 2.19893 2.19893 2.09898 1.99904 1.99904 2.39883 2.09898 1.69917 1.29938 1.29938 
0.499756 0.499756 0.699661 1.29938 1.79913 1.99904 2.09898 2.29889 1.89908 1.99904 1.99904 2.09898 2.29889 2.19893 1.69917 1.29938 1.29938 
0.499756 0.29985 0.599716 1.29938 1.59923 1.79913 1.79913 1.99904 1.19942 1.49927 2.09898 2.19893 2.19893 2.09898 1.69917 1.09947 1.09947 
0.399811 0.199905 0.599716 1.19942 1.49927 1.69917 1.69917 1.69917 1.69917 1.69917 1.99904 2.19893 2.29889 2.09898 1.79913 1.29938 1.29938 
0.29985 0.499756 0.699661 1.19942 1.29938 1.49927 1.69917 1.69917 1.79913 1.89908 2.29889 2.49879 2.29889 1.99904 1.69917 1.49927 1.39932 
0.0999603 0.399811 0.799622 1.19942 1.19942 1.29938 1.49927 1.69917 1.99904 2.09898 2.19893 2.39883 2.19893 1.79913 1.59923 1.59923 1.59923 
0 0.0999603 0.699661 1.09947 1.09947 1.19942 1.29938 1.49927 1.79913 1.99904 1.89908 1.89908 1.69917 1.49927 1.59923 1.59923 1.59923 
0.29985 0.199905 0.29985 0.599716 0.599716 0.799622 0.999512 1.19942 1.49927 1.49927 1.29938 1.39932 1.19942 1.19942 1.39932 1.39932 1.39932 
0.29985 0.199905 0.0999603 0 0.29985 0.499756 0.799622 0.999512 1.09947 0.899567 0.599716 0.799622 0.799622 0.999512 1.09947 1.29938 1.29938 
0.599716 0.29985 0.199905 0.29985 0.499756 0.29985 0.499756 0.599716 0.699661 0.499756 0.399811 0.499756 0.699661 0.799622 0.899567 0.999512 1.19942 
0.799622 0.499756 0.29985 0.499756 0.499756 0.399811 0.499756 0.199905 0.29985 0.29985 0.499756 0.599716 0.699661 0.699661 0.899567 0.899567 0.899567 
1 1 1 1 1 1 1 1 1 1 1 1 1 1 1 1 1 
1 1 1 1 1 1 1 1 1 1 1 1 1 1 1 1 1 
1 1 1 1 1 1 1 1 1 1 1 1 1 1 1 1 1 
1 1 1 1 1 1 1 1 1 1 1 1 1 1 1 1 1 
1 1 1 1 1 1 1 1 1 1 1 1 1 1 1 1 1 
1 1 1 1 1 1 1 1 1 1 1 1 1 1 1 1 1 
1 1 1 1 1 1 1 1 1 1 1 1 1 1 1 1 1 
1 1 1 1 1 1 1 1 1 1 1 1 1 1 1 1 1 
1 1 1 1 1 1 1 1 1 1 1 1 1 1 1 1 1 
1 1 1 1 1 1 1 1 1 1 1 1 1 1 1 1 1 
1 1 1 1 1 1 1 1 1 1 1 1 1 1 1 1 1 
1 1 1 1 1 1 1 1 1 1 1 1 1 1 1 1 1 
1 1 1 1 1 1 1 1 1 1 1 1 1 1 1 1 1 
1 1 1 1 1 1 1 1 1 1 1 1 1 1 1 1 1 
1 1 1 1 1 1 1 1 1 1 1 1 1 1 1 1 1 
1 1 1 1 1 1 1 1 1 1 1 1 1 1 1 1 1 
1 1 1 1 1 1 1 1 1 1 1 1 1 1 1 1 1 
