FR169
15 15
0 0 0 0 0 0 0 0 0 0 0 0 0 0 0 
0.799652 0.699692 0.699692 0.799652 0.899612 0.799652 0.599731 0.499786 0.399826 0.399826 0.599731 0.499786 0.599731 0.799652 0.799652 
0.599731 0.599731 0.699692 0.699692 0.599731 0.499786 0.199921 0.399826 0.199921 0.199921 0.399826 0.599731 0.699692 0.799652 0.799652 
0.699692 0.899612 0.599731 0.399826 0.199921 0.599731 0.899612 0.699692 0.599731 0.199921 0.299866 0.599731 0.799652 0.799652 0.799652 
0.799652 0.799652 0.599731 0.299866 0.399826 0.999557 1.29944 1.39938 1.19948 0.899612 0.499786 0.699692 0.599731 0.699692 0.599731 
0.699692 0.699692 0.299866 0.299866 0.699692 1.49934 1.79921 1.79921 1.69925 1.29944 0.699692 0.299866 0.399826 0.699692 0.699692 
0.799652 0.599731 0.0999603 0.499786 0.999557 1.5993 1.89917 1.99913 1.79921 1.29944 0.699692 0.199921 0.299866 0.799652 0.699692 
0.799652 0.699692 0.499786 0.399826 0.999557 1.5993 1.99913 1.99913 1.5993 1.29944 0.699692 0.0999603 0.499786 0.799652 0.699692 
0.499786 0.299866 0.299866 0.299866 0.499786 1.19948 1.89917 1.69925 1.29944 1.19948 0.499786 0.399826 0.599731 0.699692 0.699692 
0.499786 0.299866 0.199921 0 0.199921 0.799652 1.29944 0.899612 0.699692 0.799652 0.699692 0.599731 0.699692 0.699692 0.899612 
0.599731 0.399826 0.399826 0.299866 0.399826 0.599731 0.399826 0.299866 0.399826 0.599731 0.699692 0.799652 0.699692 0.699692 0.799652 
0.599731 0.499786 0.599731 0.699692 0.799652 0.699692 0.299866 0.199921 0.399826 0.699692 0.799652 0.699692 0.699692 0.699692 0.799652 
0.499786 0.499786 0.799652 0.899612 0.899612 0.799652 0.799652 0.699692 0.799652 0.699692 0.799652 0.699692 0.799652 0.799652 0.699692 
0.299866 0.699692 0.799652 0.999557 0.899612 0.999557 0.899612 0.899612 0.799652 0.599731 0.799652 0.899612 0.899612 0.999557 0.999557 
0 0 0 0 0 0 0 0 0 0 0 0 0 0 0 
0 0 0 0 0 0 0 0 0 0 0 0 0 0 0 
1 1 1 1 1 1 1 1 1 1 1 1 1 1 1 
1 1 1 1 1 1 1 1 1 1 1 1 1 1 1 
1 1 1 1 1 1 1 1 1 1 1 1 1 1 1 
1 1 1 1 1 1 1 1 1 1 1 1 1 1 1 
1 1 1 1 1 1 1 1 1 1 1 1 1 1 1 
1 1 1 1 1 1 1 1 1 1 1 1 1 1 1 
1 1 1 1 1 1 1 1 1 1 1 1 1 1 1 
1 1 1 1 1 1 1 1 1 1 1 1 1 1 1 
1 1 1 1 1 1 1 1 1 1 1 1 1 1 1 
1 1 1 1 1 1 1 1 1 1 1 1 1 1 1 
1 1 1 1 1 1 1 1 1 1 1 1 1 1 1 
1 1 1 1 1 1 1 1 1 1 1 1 1 1 1 
1 1 1 1 1 1 1 1 1 1 1 1 1 1 1 
0 0 0 0 0 0 0 0 0 0 0 0 0 0 0 
