FR160
13 13
0 0 0 0 0 0 0 0 0 0 0 0 0 
0.999359 0.899429 0.899429 0.899429 0.899429 0.7995 0.699554 0.7995 0.999359 1.19923 1.0993 1.19923 0 
0.7995 0.699554 0.599625 0.599625 0.599625 0.699554 0.699554 0.599625 0.699554 0.899429 0.999359 1.19923 0 
0.599625 0.49968 0.39975 0.39975 0.7995 1.0993 1.29918 1.0993 0.699554 0.49968 0.699554 0.999359 0 
0.599625 0.39975 0.299805 0.599625 1.0993 1.59898 1.69891 1.39911 0.999359 0.599625 0.599625 0.899429 0 
0.39975 0.299805 0.39975 0.699554 1.39911 1.79886 1.89879 1.79886 1.19923 0.699554 0.49968 0.7995 0 
0.39975 0.199875 0.299805 0.699554 1.49905 1.89879 2.09866 1.89879 1.29918 0.39975 0.39975 0.899429 0 
0.39975 0 0.0999451 0.7995 1.39911 1.79886 1.99873 1.69891 1.29918 0.699554 0.599625 0.999359 0 
0.39975 0.0999451 0.199875 0.39975 0.7995 1.29918 1.49905 1.19923 0.899429 0.7995 0.899429 0.7995 0 
0.39975 0.39975 0.299805 0 0.0999451 0.299805 0.49968 0.49968 0.49968 0.599625 0.7995 0.999359 0 
0.39975 0.39975 0.39975 0.199875 0.199875 0.0999451 0.0999451 0.39975 0.699554 0.599625 0.899429 1.0993 0 
0.49968 0.39975 0.39975 0.39975 0.39975 0.39975 0.49968 0.699554 0.699554 0.699554 0.999359 1.19923 0 
0 0 0 0 0 0 0 0 0 0 0 0 0 
0 0 0 0 0 0 0 0 0 0 0 0 0 
1 1 1 1 1 1 1 1 1 1 1 1 0 
1 1 1 1 1 1 1 1 1 1 1 1 0 
1 1 1 1 1 1 1 1 1 1 1 1 0 
1 1 1 1 1 1 1 1 1 1 1 1 0 
1 1 1 1 1 1 1 1 1 1 1 1 0 
1 1 1 1 1 1 1 1 1 1 1 1 0 
1 1 1 1 1 1 1 1 1 1 1 1 0 
1 1 1 1 1 1 1 1 1 1 1 1 0 
1 1 1 1 1 1 1 1 1 1 1 1 0 
1 1 1 1 1 1 1 1 1 1 1 1 0 
1 1 1 1 1 1 1 1 1 1 1 1 0 
0 0 0 0 0 0 0 0 0 0 0 0 0 
