FR166
11 11
0.499756 0.29985 0.399811 0.29985 0.0999451 0.0999451 0.199905 0.199905 0.0999451 0.29985 0 
0.499756 0.29985 0.199905 0.199905 0.199905 0.199905 0.199905 0 0.199905 0.29985 0 
0.399811 0.199905 0.29985 0.499756 0.699661 0.699661 0.29985 0.199905 0.199905 0.399811 0 
0.0999451 0.199905 0.499756 0.799622 1.09949 1.09949 0.799622 0.29985 0.29985 0.29985 0 
0.29985 0.29985 0.499756 0.999527 1.19943 1.19943 0.799622 0.399811 0.199905 0.199905 0 
0.399811 0.399811 0.399811 0.999527 1.19943 1.09949 0.699661 0.399811 0.29985 0.29985 0 
0.499756 0.29985 0.29985 0.799622 0.999527 0.699661 0.29985 0.199905 0.29985 0.29985 0 
0.399811 0.29985 0 0.199905 0.199905 0.0999451 0 0 0.199905 0.399811 0 
0.29985 0.29985 0.0999451 0.0999451 0.0999451 0 0.0999451 0.199905 0.199905 0.29985 0 
0.399811 0.199905 0.199905 0.199905 0.199905 0.0999451 0.0999451 0.0999451 0 0.29985 0 
0 0 0 0 0 0 0 0 0 0 0 
1 1 1 1 1 1 1 1 1 1 0 
1 1 1 1 1 1 1 1 1 1 0 
1 1 1 1 1 1 1 1 1 1 0 
1 1 1 1 1 1 1 1 1 1 0 
1 1 1 1 1 1 1 1 1 1 0 
1 1 1 1 1 1 1 1 1 1 0 
1 1 1 1 1 1 1 1 1 1 0 
1 1 1 1 1 1 1 1 1 1 0 
1 1 1 1 1 1 1 1 1 1 0 
1 1 1 1 1 1 1 1 1 1 0 
0 0 0 0 0 0 0 0 0 0 0 
