FR171
11 11
0 0 0 0 0 0 0 0 0 0 0 
0.799652 0.699692 0.599731 0.399826 0.0999603 0.199921 0.299866 0.199921 0.299866 0.499786 0 
0.599731 0.499786 0.599731 0.799652 0.799652 0.699692 0.599731 0.199921 0 0.199921 0 
0.499786 0.199921 0.599731 1.09952 1.29944 1.19948 1.19948 0.699692 0.0999603 0.199921 0 
0.399826 0.199921 0.799652 1.29944 1.29944 1.39938 1.39938 0.999557 0.499786 0.0999603 0 
0.399826 0.399826 0.899612 1.29944 1.19948 1.29944 1.19948 1.09952 0.699692 0.199921 0 
0.399826 0.299866 0.499786 1.09952 1.29944 1.19948 1.09952 0.799652 0.299866 0.199921 0 
0.599731 0.399826 0.299866 0.599731 0.899612 0.999557 0.699692 0.199921 0 0.399826 0 
0.499786 0.499786 0.399826 0.199921 0.299866 0.599731 0.499786 0.0999603 0.299866 0.299866 0 
0.499786 0.499786 0.499786 0.499786 0.399826 0.299866 0.299866 0.299866 0.199921 0.299866 0 
0 0 0 0 0 0 0 0 0 0 0 
0 0 0 0 0 0 0 0 0 0 0 
1 1 1 1 1 1 1 1 1 1 0 
1 1 1 1 1 1 1 1 1 1 0 
1 1 1 1 1 1 1 1 1 1 0 
1 1 1 1 1 1 1 1 1 1 0 
1 1 1 1 1 1 1 1 1 1 0 
1 1 1 1 1 1 1 1 1 1 0 
1 1 1 1 1 1 1 1 1 1 0 
1 1 1 1 1 1 1 1 1 1 0 
1 1 1 1 1 1 1 1 1 1 0 
0 0 0 0 0 0 0 0 0 0 0 
