FR181
7 7
0.099884 0.199783 0.299667 0.399551 0.399551 0.499435 0.499435 
0 0.199783 0.499435 0.599335 0.499435 0.499435 0.499435 
0.099884 0.399551 0.699219 0.799103 0.599335 0.499435 0.499435 
0.099884 0.499435 0.699219 0.799103 0.699219 0.599335 0.599335 
0.099884 0.399551 0.599335 0.499435 0.499435 0.399551 0.599335 
0.299667 0.399551 0.399551 0.399551 0.499435 0.499435 0.599335 
0 0 0 0 0 0 0 
1 1 1 1 1 1 1 
1 1 1 1 1 1 1 
1 1 1 1 1 1 1 
1 1 1 1 1 1 1 
1 1 1 1 1 1 1 
1 1 1 1 1 1 1 
0 0 0 0 0 0 0 
