FR18
21 21
0 0 0 0 0 0 0 0 0 0 0 0 0 0 0 0 0 0 0 0 0 
0.399704 0.399704 0.599564 0.799408 0.899338 0.899338 0.899338 0.899338 0.899338 1.09918 0.899338 0.999252 1.19911 1.09918 0.999252 0.999252 0.999252 0.999252 0.999252 0.899338 0 
0.299789 0.299789 0.599564 0.699478 0.899338 0.699478 0.699478 0.699478 0.799408 0.899338 0.899338 0.799408 0.899338 0.999252 0.899338 0.899338 0.899338 0.999252 0.999252 0.999252 0 
0.19986 0.299789 0.599564 0.699478 0.699478 0.599564 0.599564 0.599564 0.599564 0.599564 0.699478 0.699478 0.799408 0.899338 0.799408 0.999252 1.09918 1.09918 1.09918 0.999252 0 
0.0999298 0.299789 0.299789 0.499634 0.499634 0.399704 0.699478 0.899338 1.09918 1.09918 0.999252 0.899338 0.799408 0.699478 0.899338 0.999252 0.999252 1.09918 1.09918 1.09918 0 
0.0999298 0.19986 0.19986 0.299789 0.399704 0.599564 0.999252 1.09918 1.39896 1.5988 1.49889 1.29903 0.999252 0.799408 0.799408 0.899338 0.999252 1.09918 1.09918 1.19911 0 
0.0999298 0.19986 0.299789 0.19986 0.499634 0.999252 1.39896 1.5988 1.79866 1.89857 1.79866 1.5988 1.29903 0.999252 0.799408 0.899338 0.899338 1.19911 1.19911 1.19911 0 
0.0999298 0.299789 0.399704 0.399704 0.699478 1.19911 1.5988 1.79866 1.89857 1.89857 1.9985 1.89857 1.69873 1.19911 0.699478 0.899338 0.999252 1.19911 1.19911 1.09918 0 
0.0999298 0.299789 0.399704 0.399704 0.699478 1.19911 1.5988 1.69873 1.79866 1.89857 1.9985 1.89857 1.79866 1.29903 0.899338 0.899338 0.999252 1.09918 1.09918 1.09918 0 
0.0999298 0.0999298 0.0999298 0.19986 0.499634 1.09918 1.5988 1.69873 1.79866 1.79866 1.79866 1.9985 1.79866 1.39896 0.899338 0.899338 0.999252 1.09918 0.999252 1.09918 0 
0.0999298 0.0999298 0.0999298 0 0.399704 0.899338 1.49889 1.69873 1.69873 1.69873 1.79866 1.9985 1.69873 1.19911 0.699478 0.899338 0.999252 1.09918 0.899338 1.09918 0 
0.0999298 0.19986 0.19986 0.19986 0.299789 0.699478 1.29903 1.69873 1.89857 1.89857 1.89857 1.79866 1.39896 0.799408 0.599564 0.799408 0.899338 0.999252 0.899338 1.09918 0 
0.0999298 0.19986 0.299789 0.19986 0.399704 0.599564 0.899338 1.39896 1.69873 1.49889 1.49889 1.29903 0.899338 0.699478 0.699478 0.899338 0.999252 1.09918 0.899338 0.899338 0 
0.0999298 0.19986 0.499634 0.499634 0.599564 0.699478 0.699478 0.999252 1.19911 0.999252 0.799408 0.799408 0.699478 0.799408 0.899338 0.999252 1.09918 1.09918 1.09918 0.999252 0 
0.19986 0.299789 0.499634 0.599564 0.499634 0.799408 0.899338 0.699478 0.699478 0.799408 0.699478 0.799408 0.699478 0.999252 1.09918 1.09918 1.19911 1.19911 1.09918 1.09918 0 
0.0999298 0.299789 0.599564 0.599564 0.799408 0.899338 0.899338 0.999252 0.899338 0.899338 0.899338 0.899338 1.09918 1.09918 1.19911 1.29903 1.29903 1.29903 1.09918 0.999252 0 
0.0999298 0.19986 0.499634 0.699478 0.799408 0.799408 0.899338 0.899338 0.999252 0.999252 1.09918 1.19911 1.19911 1.19911 1.39896 1.29903 1.29903 1.29903 1.19911 1.09918 0 
0.0999298 0.19986 0.399704 0.699478 0.699478 0.799408 0.899338 0.899338 0.999252 1.09918 1.19911 1.29903 1.29903 1.29903 1.29903 1.29903 1.29903 1.39896 1.39896 1.19911 0 
0.0999298 0.19986 0.399704 0.599564 0.699478 0.699478 0.699478 0.799408 0.899338 1.09918 1.19911 1.19911 1.29903 1.39896 1.29903 1.49889 1.49889 1.29903 1.29903 1.09918 0 
0 0 0 0 0 0 0 0 0 0 0 0 0 0 0 0 0 0 0 0 0 
0 0 0 0 0 0 0 0 0 0 0 0 0 0 0 0 0 0 0 0 0 
0 0 0 0 0 0 0 0 0 0 0 0 0 0 0 0 0 0 0 0 0 
1 1 1 1 1 1 1 1 1 1 1 1 1 1 1 1 1 1 1 1 0 
1 1 1 1 1 1 1 1 1 1 1 1 1 1 1 1 1 1 1 1 0 
1 1 1 1 1 1 1 1 1 1 1 1 1 1 1 1 1 1 1 1 0 
1 1 1 1 1 1 1 1 1 1 1 1 1 1 1 1 1 1 1 1 0 
1 1 1 1 1 1 1 1 1 1 1 1 1 1 1 1 1 1 1 1 0 
1 1 1 1 1 1 1 1 1 1 1 1 1 1 1 1 1 1 1 1 0 
1 1 1 1 1 1 1 1 1 1 1 1 1 1 1 1 1 1 1 1 0 
1 1 1 1 1 1 1 1 1 1 1 1 1 1 1 1 1 1 1 1 0 
1 1 1 1 1 1 1 1 1 1 1 1 1 1 1 1 1 1 1 1 0 
1 1 1 1 1 1 1 1 1 1 1 1 1 1 1 1 1 1 1 1 0 
1 1 1 1 1 1 1 1 1 1 1 1 1 1 1 1 1 1 1 1 0 
1 1 1 1 1 1 1 1 1 1 1 1 1 1 1 1 1 1 1 1 0 
1 1 1 1 1 1 1 1 1 1 1 1 1 1 1 1 1 1 1 1 0 
1 1 1 1 1 1 1 1 1 1 1 1 1 1 1 1 1 1 1 1 0 
1 1 1 1 1 1 1 1 1 1 1 1 1 1 1 1 1 1 1 1 0 
1 1 1 1 1 1 1 1 1 1 1 1 1 1 1 1 1 1 1 1 0 
1 1 1 1 1 1 1 1 1 1 1 1 1 1 1 1 1 1 1 1 0 
1 1 1 1 1 1 1 1 1 1 1 1 1 1 1 1 1 1 1 1 0 
0 0 0 0 0 0 0 0 0 0 0 0 0 0 0 0 0 0 0 0 0 
0 0 0 0 0 0 0 0 0 0 0 0 0 0 0 0 0 0 0 0 0 
