FR19
19 19
0.799103 0.998917 1.09883 1.29866 1.29866 1.29866 1.19875 0.998917 0.799103 0.699188 0.599274 0.499374 0.499374 0.799103 0.599274 0.39946 0.299545 0.199631 0.199631 
0.899017 0.899017 1.09883 1.29866 1.29866 1.09883 0.998917 0.998917 0.998917 0.799103 0.799103 0.499374 0.499374 0.499374 0.499374 0.499374 0.39946 0.299545 0.199631 
0.998917 0.899017 1.09883 1.09883 1.19875 1.19875 1.29866 1.39856 1.39856 1.39856 1.09883 0.699188 0.499374 0.39946 0.39946 0.499374 0.499374 0.39946 0.299545 
1.09883 0.899017 0.998917 0.899017 0.998917 1.39856 1.59839 1.89812 1.89812 1.89812 1.59839 1.09883 0.699188 0.39946 0.39946 0.39946 0.39946 0.499374 0.39946 
0.998917 0.799103 0.998917 0.899017 1.29866 1.7982 2.09795 2.19785 2.29776 2.19785 1.89812 1.6983 1.29866 0.699188 0.39946 0.39946 0.39946 0.39946 0.39946 
0.799103 0.799103 0.998917 1.19875 1.6983 2.19785 2.39767 2.39767 2.49759 2.29776 1.99803 2.09795 1.6983 1.09883 0.499374 0.299545 0.299545 0.299545 0.39946 
0.899017 0.998917 1.09883 1.59839 1.99803 2.39767 2.49759 2.39767 2.29776 2.19785 2.09795 2.09795 1.99803 1.39856 0.899017 0.299545 0.299545 0.299545 0.39946 
1.09883 0.998917 1.19875 1.59839 1.99803 2.29776 2.29776 2.39767 2.19785 1.89812 1.89812 1.99803 1.89812 1.59839 1.29866 0.599274 0.299545 0.299545 0.299545 
1.29866 1.09883 1.19875 1.59839 2.19785 2.39767 2.39767 2.29776 2.09795 1.99803 1.99803 1.89812 1.89812 1.6983 1.49847 0.799103 0.299545 0.299545 0.299545 
1.29866 1.19875 1.19875 1.6983 2.29776 2.49759 2.49759 2.19785 1.99803 2.09795 2.09795 1.99803 1.89812 1.6983 1.29866 0.599274 0.39946 0.199631 0.0997314 
1.39856 1.19875 1.09883 1.6983 2.29776 2.49759 2.49759 2.19785 2.19785 2.19785 1.99803 1.89812 1.6983 1.39856 0.998917 0.39946 0.199631 0.299545 0.0997314 
1.49847 1.39856 1.09883 1.49847 1.99803 2.19785 2.29776 2.19785 2.09795 2.09795 1.99803 1.89812 1.49847 1.19875 0.699188 0.199631 0.0997314 0.199631 0.199631 
1.59862 1.39879 1.19896 0.799316 1.39879 1.69853 1.79845 1.89835 1.89835 1.79845 1.79845 1.59862 1.19896 0.599487 0.0999146 0 0.299744 0.299744 0.299744 
1.59862 1.4987 1.29887 1.19896 0.99913 1.09904 1.19896 1.39879 1.59862 1.4987 1.39879 1.09904 0.699402 0.299744 0 0.0999146 0.299744 0.499573 0.399658 
1.59862 1.59862 1.4987 1.39879 0.99913 0.899216 0.699402 0.899216 0.899216 0.899216 0.699402 0.499573 0.0999146 0.199829 0.299744 0.399658 0.499573 0.499573 0.499573 
1.79845 1.79845 1.59862 1.4987 1.19896 0.99913 0.699402 0.499573 0.499573 0.399658 0.499573 0.299744 0.199829 0.399658 0.499573 0.499573 0.599487 0.599487 0.499573 
1.89835 1.59862 1.59862 1.59862 1.29887 0.99913 0.899216 0.799316 0.599487 0.499573 0.499573 0.599487 0.599487 0.699402 0.599487 0.599487 0.599487 0.599487 0.499573 
1.89835 1.79845 1.79845 1.69853 1.59862 1.19896 1.19896 1.09904 0.899216 0.899216 0.799316 0.799316 0.699402 0.799316 0.699402 0.699402 0.699402 0.499573 0.499573 
0 0 0 0 0 0 0 0 0 0 0 0 0 0 0 0 0 0 0 
1 1 1 1 1 1 1 1 1 1 1 1 1 1 1 1 1 1 1 
1 1 1 1 1 1 1 1 1 1 1 1 1 1 1 1 1 1 1 
1 1 1 1 1 1 1 1 1 1 1 1 1 1 1 1 1 1 1 
1 1 1 1 1 1 1 1 1 1 1 1 1 1 1 1 1 1 1 
1 1 1 1 1 1 1 1 1 1 1 1 1 1 1 1 1 1 1 
1 1 1 1 1 1 1 1 1 1 1 1 1 1 1 1 1 1 1 
1 1 1 1 1 1 1 1 1 1 1 1 1 1 1 1 1 1 1 
1 1 1 1 1 1 1 1 1 1 1 1 1 1 1 1 1 1 1 
1 1 1 1 1 1 1 1 1 1 1 1 1 1 1 1 1 1 1 
1 1 1 1 1 1 1 1 1 1 1 1 1 1 1 1 1 1 1 
1 1 1 1 1 1 1 1 1 1 1 1 1 1 1 1 1 1 1 
1 1 1 1 1 1 1 1 1 1 1 1 1 1 1 1 1 1 1 
1 1 1 1 1 1 1 1 1 1 1 1 1 1 1 1 1 1 1 
1 1 1 1 1 1 1 1 1 1 1 1 1 1 1 1 1 1 1 
1 1 1 1 1 1 1 1 1 1 1 1 1 1 1 1 1 1 1 
1 1 1 1 1 1 1 1 1 1 1 1 1 1 1 1 1 1 1 
1 1 1 1 1 1 1 1 1 1 1 1 1 1 1 1 1 1 1 
1 1 1 1 1 1 1 1 1 1 1 1 1 1 1 1 1 1 1 
0 0 0 0 0 0 0 0 0 0 0 0 0 0 0 0 0 0 0 
