FR21
13 13
0 0 0 0 0 0 0 0 0 0 0 0 0 
0.299896 0.399872 0.499832 0.499832 0.599792 0.799728 0.799728 0.899689 0.899689 0.699768 0.599792 0.499832 0 
0.399872 0.399872 0.199936 0.199936 0.299896 0.599792 0.799728 0.799728 0.799728 0.699768 0.599792 0.599792 0 
0.399872 0.299896 0.0999603 0 0.399872 0.699768 0.899689 0.799728 0.699768 0.699768 0.699768 0.599792 0 
0.399872 0.299896 0.0999603 0.199936 0.499832 0.799728 0.999664 0.899689 0.799728 0.699768 0.599792 0.599792 0 
0.399872 0.299896 0.299896 0.399872 0.599792 0.899689 0.999664 1.09962 0.799728 0.599792 0.599792 0.599792 0 
0.399872 0.399872 0.399872 0.399872 0.599792 0.899689 0.899689 0.799728 0.699768 0.399872 0.499832 0.599792 0 
0.299896 0.399872 0.499832 0.499832 0.499832 0.799728 0.799728 0.499832 0.199936 0.0999603 0.299896 0.499832 0 
0.399872 0.499832 0.599792 0.499832 0.399872 0.599792 0.599792 0.299896 0.0999603 0.0999603 0.299896 0.399872 0 
0.399872 0.299896 0.399872 0.499832 0.399872 0.399872 0.399872 0.299896 0.199936 0.299896 0.399872 0.499832 0 
0.399872 0.299896 0.299896 0.399872 0.399872 0.399872 0.399872 0.399872 0.399872 0.399872 0.499832 0.499832 0 
0 0 0 0 0 0 0 0 0 0 0 0 0 
0 0 0 0 0 0 0 0 0 0 0 0 0 
0 0 0 0 0 0 0 0 0 0 0 0 0 
1 1 1 1 1 1 1 1 1 1 1 1 0 
1 1 1 1 1 1 1 1 1 1 1 1 0 
1 1 1 1 1 1 1 1 1 1 1 1 0 
1 1 1 1 1 1 1 1 1 1 1 1 0 
1 1 1 1 1 1 1 1 1 1 1 1 0 
1 1 1 1 1 1 1 1 1 1 1 1 0 
1 1 1 1 1 1 1 1 1 1 1 1 0 
1 1 1 1 1 1 1 1 1 1 1 1 0 
1 1 1 1 1 1 1 1 1 1 1 1 0 
1 1 1 1 1 1 1 1 1 1 1 1 0 
0 0 0 0 0 0 0 0 0 0 0 0 0 
0 0 0 0 0 0 0 0 0 0 0 0 0 
