FR25
13 13
0 0.0999451 0.299835 0.499741 0.899536 0.799576 0.899536 0.899536 0.999481 1.09943 1.19937 1.39928 0 
0.299835 0.19989 0.299835 0.499741 0.699631 0.799576 0.899536 0.999481 1.09943 1.09943 1.29932 1.49922 0 
0.39978 0.39978 0.499741 0.699631 0.999481 1.19937 1.19937 1.19937 1.19937 1.09943 1.49922 1.69911 0 
0.699631 0.599686 0.699631 0.999481 1.39928 1.59917 1.79906 1.79906 1.59917 1.29932 1.49922 1.69911 0 
0.799576 0.899536 1.09943 1.49922 1.99896 2.09891 2.19885 2.19885 1.89902 1.49922 1.59917 1.79906 0 
0.999481 1.19937 1.29932 1.79906 2.19885 2.2988 2.39876 2.4987 2.09891 1.59917 1.69911 1.99896 0 
1.19937 1.39928 1.59917 1.89902 2.2988 2.39876 2.59865 2.39876 2.19885 1.69911 1.79906 2.09891 0 
1.49922 1.69911 1.79906 1.89902 2.19885 2.39876 2.4987 2.2988 2.09891 1.89902 1.99896 2.2988 0 
1.89902 1.99896 2.09891 1.99896 2.09891 2.2988 2.19885 2.19885 2.19885 2.2988 2.39876 2.4987 0 
2.19885 2.2988 2.39876 2.2988 2.19885 2.2988 2.19885 2.2988 2.4987 2.69859 2.69859 2.69859 0 
2.39876 2.4987 2.59865 2.59865 2.59865 2.59865 2.59865 2.69859 2.79854 2.79854 2.79854 2.99844 0 
2.69859 2.4987 2.69859 2.79854 2.8985 2.8985 2.99844 2.99844 2.99844 3.09839 2.99844 3.09839 0 
2.79854 2.99844 2.99844 2.8985 2.99844 3.19833 3.19833 3.19833 3.29828 3.29828 3.39824 3.39824 0 
1 1 1 1 1 1 1 1 1 1 1 1 0 
1 1 1 1 1 1 1 1 1 1 1 1 0 
1 1 1 1 1 1 1 1 1 1 1 1 0 
1 1 1 1 1 1 1 1 1 1 1 1 0 
1 1 1 1 1 1 1 1 1 1 1 1 0 
1 1 1 1 1 1 1 1 1 1 1 1 0 
1 1 1 1 1 1 1 1 1 1 1 1 0 
1 1 1 1 1 1 1 1 1 1 1 1 0 
1 1 1 1 1 1 1 1 1 1 1 1 0 
1 1 1 1 1 1 1 1 1 1 1 1 0 
1 1 1 1 1 1 1 1 1 1 1 1 0 
1 1 1 1 1 1 1 1 1 1 1 1 0 
1 1 1 1 1 1 1 1 1 1 1 1 0 
