FR26
17 17
0.899536 0.799591 0.799591 0.599686 0.599686 0.599686 0.199905 0.199905 0.499741 0.699646 0.899536 0.999481 0.899536 0.899536 0.899536 0.999481 0 
0.699646 0.699646 0.599686 0.699646 0.599686 0.399796 0.0999451 0.0999451 0.29985 0.399796 0.499741 0.799591 0.899536 0.899536 0.899536 0.899536 0 
0.699646 0.599686 0.599686 0.499741 0.399796 0.199905 0.29985 0.399796 0.499741 0.499741 0.499741 0.699646 0.799591 0.899536 0.999481 0.999481 0 
0.699646 0.699646 0.599686 0.499741 0.399796 0.399796 0.599686 0.799591 0.999481 0.999481 0.899536 0.799591 0.699646 0.799591 0.899536 0.899536 0 
0.699646 0.599686 0.29985 0.499741 0.699646 0.799591 0.999481 1.29933 1.49922 1.49922 1.49922 1.39928 0.999481 0.699646 0.699646 0.899536 0 
0.799591 0.499741 0.499741 0.599686 0.799591 0.999481 1.39928 1.79907 1.99896 1.89902 2.09892 1.79907 1.49922 0.899536 0.599686 0.899536 0 
0.699646 0.399796 0.499741 0.599686 0.999481 1.19939 1.79907 2.09892 2.39876 2.59866 2.4987 1.99896 1.49922 1.19939 0.699646 0.699646 0 
0.799591 0.29985 0.29985 0.699646 0.999481 1.39928 1.89902 2.19887 2.29881 2.39876 2.59866 2.19887 1.69913 1.19939 0.799591 0.599686 0 
0.799591 0.29985 0.0999451 0.599686 0.999481 1.59917 1.89902 2.09892 2.29881 2.19887 2.4987 2.39876 1.99896 1.39928 0.699646 0.599686 0 
0.599686 0.0999451 0 0.499741 0.899536 1.29933 1.69913 1.89902 2.29881 2.39876 2.19887 1.99896 1.79907 1.39928 0.799591 0.499741 0 
0.599686 0 0.0999451 0.599686 0.899536 1.09943 1.39928 1.69913 1.89902 2.09892 1.79907 1.69913 1.59917 1.39928 0.999481 0.799591 0 
0.799591 0.399796 0.29985 0.599686 0.899536 0.899536 0.899536 0.999481 1.29933 1.49922 1.49922 1.49922 1.39928 1.29933 1.09943 1.19939 0 
0.799591 0.599686 0.499741 0.599686 0.599686 0.599686 0.599686 0.599686 0.899536 1.09943 1.29933 1.19939 1.09943 1.29933 1.29933 1.39928 0 
0.599686 0.699646 0.599686 0.499741 0.399796 0.399796 0.29985 0.199905 0.599686 0.899536 0.899536 0.999481 1.09943 1.29933 1.29933 1.39928 0 
0.699646 0.699646 0.799591 0.599686 0.399796 0.29985 0.199905 0.0999451 0.599686 0.599686 0.699646 0.999481 1.19939 1.29933 1.29933 1.19939 0 
0.799591 0.799591 0.899536 0.799591 0.699646 0.599686 0.599686 0.499741 0.599686 0.399796 0.599686 0.899536 1.09943 1.19939 1.19939 1.19939 0 
0 0 0 0 0 0 0 0 0 0 0 0 0 0 0 0 0 
1 1 1 1 1 1 1 1 1 1 1 1 1 1 1 1 0 
1 1 1 1 1 1 1 1 1 1 1 1 1 1 1 1 0 
1 1 1 1 1 1 1 1 1 1 1 1 1 1 1 1 0 
1 1 1 1 1 1 1 1 1 1 1 1 1 1 1 1 0 
1 1 1 1 1 1 1 1 1 1 1 1 1 1 1 1 0 
1 1 1 1 1 1 1 1 1 1 1 1 1 1 1 1 0 
1 1 1 1 1 1 1 1 1 1 1 1 1 1 1 1 0 
1 1 1 1 1 1 1 1 1 1 1 1 1 1 1 1 0 
1 1 1 1 1 1 1 1 1 1 1 1 1 1 1 1 0 
1 1 1 1 1 1 1 1 1 1 1 1 1 1 1 1 0 
1 1 1 1 1 1 1 1 1 1 1 1 1 1 1 1 0 
1 1 1 1 1 1 1 1 1 1 1 1 1 1 1 1 0 
1 1 1 1 1 1 1 1 1 1 1 1 1 1 1 1 0 
1 1 1 1 1 1 1 1 1 1 1 1 1 1 1 1 0 
1 1 1 1 1 1 1 1 1 1 1 1 1 1 1 1 0 
1 1 1 1 1 1 1 1 1 1 1 1 1 1 1 1 0 
0 0 0 0 0 0 0 0 0 0 0 0 0 0 0 0 0 
