FR27
11 11
0 0.0999451 0.299835 0.499741 0.799576 0.799576 0.599686 0.599686 0.799576 1.09943 1.29933 
0.0999451 0.0999451 0.19989 0.299835 0.699631 0.899536 0.499741 0.799576 0.999481 1.09943 1.19937 
0.399796 0.499741 0.399796 0.699631 1.09943 1.19937 0.999481 0.999481 0.999481 1.09943 1.19937 
0.399796 0.499741 0.799576 1.09943 1.39928 1.69911 1.39928 1.19937 1.19937 1.39928 1.29933 
0.299835 0.399796 1.09943 1.39928 1.49922 1.69911 1.69911 1.49922 1.69911 1.69911 1.49922 
0.19989 0.399796 1.09943 1.59917 1.69911 1.69911 1.69911 1.49922 1.69911 1.79907 1.69911 
0.299835 0.499741 0.899536 1.19937 1.69911 1.59917 1.49922 1.49922 1.69911 1.79907 1.79907 
0.299835 0.399796 0.499741 0.999481 1.19937 1.19937 1.09943 1.29933 1.59917 1.79907 1.89902 
0.0999451 0.299835 0.399796 0.699631 0.999481 0.999481 1.19937 1.49922 1.79907 1.89902 1.89902 
0.299835 0.299835 0.399796 0.599686 0.899536 1.19937 1.39928 1.69911 1.79907 1.89902 1.89902 
0 0 0 0 0 0 0 0 0 0 0 
1 1 1 1 1 1 1 1 1 1 1 
1 1 1 1 1 1 1 1 1 1 1 
1 1 1 1 1 1 1 1 1 1 1 
1 1 1 1 1 1 1 1 1 1 1 
1 1 1 1 1 1 1 1 1 1 1 
1 1 1 1 1 1 1 1 1 1 1 
1 1 1 1 1 1 1 1 1 1 1 
1 1 1 1 1 1 1 1 1 1 1 
1 1 1 1 1 1 1 1 1 1 1 
1 1 1 1 1 1 1 1 1 1 1 
0 0 0 0 0 0 0 0 0 0 0 
