FR28
9 9
0.0999298 0.19986 0.19986 0.19986 0.19986 0.399719 0.499664 0.699524 0 
0.19986 0.0999298 0.0999298 0.19986 0.299789 0.399719 0.499664 0.699524 0 
0.0999298 0 0.299789 0.499664 0.399719 0.399719 0.499664 0.699524 0 
0.0999298 0.299789 0.599594 0.799454 0.699524 0.499664 0.599594 0.599594 0 
0.19986 0.299789 0.599594 0.799454 0.799454 0.599594 0.499664 0.699524 0 
0.19986 0.19986 0.499664 0.599594 0.599594 0.399719 0.399719 0.699524 0 
0.19986 0.299789 0.299789 0.299789 0.299789 0.299789 0.499664 0.699524 0 
0.19986 0.19986 0.299789 0.299789 0.19986 0.399719 0.499664 0.799454 0 
0.299789 0.299789 0.299789 0.399719 0.399719 0.499664 0.599594 0.599594 0 
1 1 1 1 1 1 1 1 0 
1 1 1 1 1 1 1 1 0 
1 1 1 1 1 1 1 1 0 
1 1 1 1 1 1 1 1 0 
1 1 1 1 1 1 1 1 0 
1 1 1 1 1 1 1 1 0 
1 1 1 1 1 1 1 1 0 
1 1 1 1 1 1 1 1 0 
1 1 1 1 1 1 1 1 0 
