FR30
19 19
0 0 0 0 0 0 0 0 0 0 0 0 0 0 0 0 0 0 0 
0 0 0 0 0 0 0 0 0 0 0 0 0 0 0 0 0 0 0 
0.699356 0.699356 0.699356 0.599442 0.599442 0.599442 0.399628 0.299728 0.299728 0.199814 0.299728 0.0999146 0.0999146 0.0999146 0.0999146 0.199814 0.0999146 0.0999146 0 
0.599442 0.599442 0.599442 0.599442 0.699356 0.599442 0.399628 0.399628 0.299728 0.299728 0.299728 0.199814 0.0999146 0.199814 0.399628 0.299728 0.199814 0.199814 0 
0.599442 0.599442 0.599442 0.499542 0.499542 0.499542 0.499542 0.599442 0.599442 0.599442 0.499542 0.299728 0.299728 0.299728 0.399628 0.399628 0.399628 0.399628 0 
0.599442 0.599442 0.599442 0.599442 0.599442 0.699356 0.89917 0.999069 1.19888 1.19888 0.89917 0.699356 0.599442 0.399628 0.399628 0.499542 0.499542 0.599442 0 
0.599442 0.499542 0.499542 0.599442 0.799255 0.999069 1.3987 1.59851 1.69843 1.59851 1.2988 1.19888 0.89917 0.599442 0.599442 0.599442 0.599442 0.699356 0 
0.599442 0.499542 0.399628 0.499542 0.799255 1.2988 1.59851 1.79832 1.79832 1.69843 1.59851 1.3987 1.19888 0.799255 0.799255 0.699356 0.699356 0.799255 0 
0.399628 0.399628 0.399628 0.599442 0.999069 1.59851 1.89824 1.99814 1.89824 1.89824 1.89824 1.69843 1.3987 1.09898 0.89917 0.699356 0.89917 1.09898 0 
0.499542 0.399628 0.499542 0.799255 1.19888 1.79832 2.09804 1.99814 1.79832 1.99814 1.89824 1.79832 1.49861 1.09898 0.89917 0.799255 0.89917 1.09898 0 
0.599442 0.499542 0.499542 0.699356 0.999069 1.49861 1.79832 1.89824 1.89824 1.99814 1.89824 1.79832 1.49861 0.999069 0.799255 0.699356 0.799255 0.89917 0 
0.699356 0.499542 0.599442 0.599442 0.799255 1.2988 1.69843 1.79832 1.89824 1.89824 1.79832 1.59851 1.19888 0.89917 0.699356 0.699356 0.89917 0.999069 0 
0.499542 0.599442 0.599442 0.499542 0.799255 0.89917 1.09898 1.3987 1.59851 1.69843 1.49861 1.19888 0.89917 0.799255 0.699356 0.799255 0.999069 1.09898 0 
0.399628 0.399628 0.399628 0.399628 0.499542 0.699356 0.89917 1.09898 1.19888 1.19888 1.09898 0.799255 0.699356 0.699356 0.699356 0.799255 0.999069 1.09898 0 
0.299728 0.299728 0.299728 0.299728 0.299728 0.399628 0.599442 0.699356 0.699356 0.699356 0.799255 0.699356 0.699356 0.699356 0.799255 0.999069 1.09898 1.09898 0 
0.399628 0.299728 0.199814 0.199814 0.199814 0.199814 0.299728 0.399628 0.399628 0.599442 0.599442 0.699356 0.699356 0.699356 0.89917 0.999069 1.09898 1.09898 0 
0.399628 0.399628 0.299728 0.299728 0.0999146 0.0999146 0 0.199814 0.299728 0.499542 0.599442 0.699356 0.799255 0.89917 0.89917 0.999069 1.09898 1.19888 0 
0 0 0 0 0 0 0 0 0 0 0 0 0 0 0 0 0 0 0 
0 0 0 0 0 0 0 0 0 0 0 0 0 0 0 0 0 0 0 
0 0 0 0 0 0 0 0 0 0 0 0 0 0 0 0 0 0 0 
0 0 0 0 0 0 0 0 0 0 0 0 0 0 0 0 0 0 0 
1 1 1 1 1 1 1 1 1 1 1 1 1 1 1 1 1 1 0 
1 1 1 1 1 1 1 1 1 1 1 1 1 1 1 1 1 1 0 
1 1 1 1 1 1 1 1 1 1 1 1 1 1 1 1 1 1 0 
1 1 1 1 1 1 1 1 1 1 1 1 1 1 1 1 1 1 0 
1 1 1 1 1 1 1 1 1 1 1 1 1 1 1 1 1 1 0 
1 1 1 1 1 1 1 1 1 1 1 1 1 1 1 1 1 1 0 
1 1 1 1 1 1 1 1 1 1 1 1 1 1 1 1 1 1 0 
1 1 1 1 1 1 1 1 1 1 1 1 1 1 1 1 1 1 0 
1 1 1 1 1 1 1 1 1 1 1 1 1 1 1 1 1 1 0 
1 1 1 1 1 1 1 1 1 1 1 1 1 1 1 1 1 1 0 
1 1 1 1 1 1 1 1 1 1 1 1 1 1 1 1 1 1 0 
1 1 1 1 1 1 1 1 1 1 1 1 1 1 1 1 1 1 0 
1 1 1 1 1 1 1 1 1 1 1 1 1 1 1 1 1 1 0 
1 1 1 1 1 1 1 1 1 1 1 1 1 1 1 1 1 1 0 
1 1 1 1 1 1 1 1 1 1 1 1 1 1 1 1 1 1 0 
0 0 0 0 0 0 0 0 0 0 0 0 0 0 0 0 0 0 0 
0 0 0 0 0 0 0 0 0 0 0 0 0 0 0 0 0 0 0 
