FR31
11 11
0 0 0 0 0 0 0 0 0 0 0 
0.0999146 0.0999146 0.199814 0.299728 0.399628 0.299728 0.299728 0.199814 0.299728 0.299728 0.399628 
0.0999146 0.199814 0.299728 0.399628 0.699356 0.699356 0.699356 0.499542 0.399628 0.299728 0.299728 
0.199814 0.399628 0.499542 0.699356 0.999069 1.09898 1.09898 0.799255 0.499542 0.499542 0.399628 
0.199814 0.299728 0.599442 0.89917 0.89917 0.999069 0.89917 0.89917 0.699356 0.599442 0.499542 
0.0999146 0.399628 0.699356 0.89917 0.89917 0.799255 0.799255 0.799255 0.699356 0.599442 0.499542 
0 0.299728 0.699356 0.89917 0.89917 0.799255 0.999069 0.89917 0.799255 0.599442 0.499542 
0.0999146 0.199814 0.499542 0.699356 0.699356 0.599442 0.999069 0.89917 0.599442 0.499542 0.499542 
0.0999146 0.199814 0.199814 0.299728 0.299728 0.399628 0.599442 0.599442 0.499542 0.499542 0.499542 
0.0999146 0.199814 0.199814 0.199814 0.299728 0.299728 0.399628 0.499542 0.499542 0.599442 0.499542 
0 0 0 0 0 0 0 0 0 0 0 
0 0 0 0 0 0 0 0 0 0 0 
1 1 1 1 1 1 1 1 1 1 1 
1 1 1 1 1 1 1 1 1 1 1 
1 1 1 1 1 1 1 1 1 1 1 
1 1 1 1 1 1 1 1 1 1 1 
1 1 1 1 1 1 1 1 1 1 1 
1 1 1 1 1 1 1 1 1 1 1 
1 1 1 1 1 1 1 1 1 1 1 
1 1 1 1 1 1 1 1 1 1 1 
1 1 1 1 1 1 1 1 1 1 1 
0 0 0 0 0 0 0 0 0 0 0 
