FR34
9 9
0.299828 0.199883 0.0999374 0.0999374 0.0999374 0.199883 0.299828 0.199883 0.199883 
0.199883 0.199883 0.0999374 0 0.199883 0.299828 0.399773 0.399773 0.299828 
0.199883 0.199883 0.49971 0.799538 0.6996 0.6996 0.599655 0.49971 0.399773 
0.199883 0.299828 0.599655 0.799538 0.799538 0.6996 0.6996 0.599655 0.49971 
0.399773 0.399773 0.49971 0.6996 0.6996 0.399773 0.399773 0.299828 0.299828 
0.399773 0.49971 0.399773 0.399773 0.399773 0.299828 0.0999374 0.199883 0.299828 
0.199883 0.299828 0.199883 0.199883 0.0999374 0.199883 0.199883 0.299828 0.399773 
0.199883 0.299828 0.399773 0.299828 0.199883 0.299828 0.299828 0.299828 0.299828 
0 0 0 0 0 0 0 0 0 
1 1 1 1 1 1 1 1 1 
1 1 1 1 1 1 1 1 1 
1 1 1 1 1 1 1 1 1 
1 1 1 1 1 1 1 1 1 
1 1 1 1 1 1 1 1 1 
1 1 1 1 1 1 1 1 1 
1 1 1 1 1 1 1 1 1 
1 1 1 1 1 1 1 1 1 
0 0 0 0 0 0 0 0 0 
