FR37
9 9
0 0 0 0 0 0 0 0 0 
0.499794 0.399834 0.299881 0.299881 0.299881 0.299881 0.299881 0.299881 0 
0.399834 0.399834 0.299881 0.299881 0.299881 0.199921 0.199921 0.199921 0 
0.399834 0.499794 0.499794 0.699715 0.499794 0.299881 0.0999603 0.0999603 0 
0.299881 0.299881 0.599754 0.799675 0.599754 0.399834 0.0999603 0.0999603 0 
0.199921 0.0999603 0.399834 0.599754 0.499794 0.299881 0.199921 0.0999603 0 
0.199921 0.0999603 0.0999603 0.199921 0.199921 0.199921 0.299881 0.0999603 0 
0.299881 0.299881 0.0999603 0 0.0999603 0.199921 0.199921 0.199921 0 
0 0 0 0 0 0 0 0 0 
0 0 0 0 0 0 0 0 0 
1 1 1 1 1 1 1 1 0 
1 1 1 1 1 1 1 1 0 
1 1 1 1 1 1 1 1 0 
1 1 1 1 1 1 1 1 0 
1 1 1 1 1 1 1 1 0 
1 1 1 1 1 1 1 1 0 
1 1 1 1 1 1 1 1 0 
0 0 0 0 0 0 0 0 0 
