FR42
9 9
0.0998993 0.0998993 0.0998993 0.0998993 0.199791 0.199791 0.199791 0.199791 0.29969 
0.199791 0.0998993 0.0998993 0.0998993 0.199791 0.39959 0.199791 0.199791 0.199791 
0.0998993 0 0.199791 0.499481 0.699272 0.59938 0.39959 0.29969 0.0998993 
0.199791 0.0998993 0.39959 0.59938 0.699272 0.699272 0.59938 0.199791 0.199791 
0.199791 0.0998993 0.29969 0.59938 0.59938 0.59938 0.39959 0.199791 0.199791 
0.199791 0.0998993 0.199791 0.499481 0.699272 0.499481 0.29969 0.0998993 0.0998993 
0.0998993 0.0998993 0 0.29969 0.39959 0.499481 0.39959 0.199791 0.199791 
0.0998993 0.0998993 0.199791 0.39959 0.29969 0.39959 0.39959 0.29969 0.29969 
0 0 0 0 0 0 0 0 0 
1 1 1 1 1 1 1 1 1 
1 1 1 1 1 1 1 1 1 
1 1 1 1 1 1 1 1 1 
1 1 1 1 1 1 1 1 1 
1 1 1 1 1 1 1 1 1 
1 1 1 1 1 1 1 1 1 
1 1 1 1 1 1 1 1 1 
1 1 1 1 1 1 1 1 1 
0 0 0 0 0 0 0 0 0 
