FR43
9 9
0 0 0 0 0 0 0 0 0 
0 0 0 0.199799 0.29969 0.0998993 0.0998993 0.29969 0 
0.0998993 0.0998993 0.199799 0.199799 0.499481 0.39959 0.199799 0.199799 0 
0.0998993 0.0998993 0.0998993 0.499481 0.799171 0.499481 0.0998993 0.0998993 0 
0.0998993 0.0998993 0.0998993 0.39959 0.499481 0.29969 0.0998993 0.0998993 0 
0.0998993 0.0998993 0.0998993 0.39959 0.39959 0.0998993 0.0998993 0.0998993 0 
0.0998993 0.0998993 0.0998993 0.199799 0.199799 0.199799 0.199799 0.199799 0 
0 0 0 0 0 0 0 0 0 
0 0 0 0 0 0 0 0 0 
0 0 0 0 0 0 0 0 0 
1 1 1 1 1 1 1 1 0 
1 1 1 1 1 1 1 1 0 
1 1 1 1 1 1 1 1 0 
1 1 1 1 1 1 1 1 0 
1 1 1 1 1 1 1 1 0 
1 1 1 1 1 1 1 1 0 
0 0 0 0 0 0 0 0 0 
0 0 0 0 0 0 0 0 0 
