FR46
9 9
0 0 0 0 0 0 0 0 0 
0.899704 0.899704 0.699768 0.49984 0.49984 0.699768 0.799736 0.999672 0 
0.49984 0.49984 0.299904 0.199936 0.399872 0.5998 0.799736 0.799736 0 
0 0.099968 0.099968 0.299904 0.5998 0.699768 0.699768 0.699768 0 
0 0 0.199936 0.5998 0.799736 0.799736 0.5998 0.49984 0 
0 0 0.199936 0.5998 0.899704 0.799736 0.399872 0.299904 0 
0 0 0 0.299904 0.399872 0.299904 0.099968 0.299904 0 
0 0 0 0.099968 0.299904 0.099968 0.099968 0.299904 0 
0 0 0 0 0 0 0 0 0 
0 0 0 0 0 0 0 0 0 
1 1 1 1 1 1 1 1 0 
1 1 1 1 1 1 1 1 0 
1 1 1 1 1 1 1 1 0 
1 1 1 1 1 1 1 1 0 
1 1 1 1 1 1 1 1 0 
1 1 1 1 1 1 1 1 0 
1 1 1 1 1 1 1 1 0 
0 0 0 0 0 0 0 0 0 
