FR47
11 11
0 0 0 0 0 0 0 0 0 0 0 
0.299866 0.199913 0.0999527 0 0.0999527 0.399818 0.299866 0.299866 0.299866 0.299866 0 
0.499779 0.199913 0.199913 0.199913 0.199913 0.299866 0.399818 0.299866 0.399818 0.399818 0 
0.499779 0.199913 0.299866 0.499779 0.599731 0.699692 0.599731 0.499779 0.399818 0.399818 0 
0.599731 0.499779 0.499779 0.699692 0.799644 0.799644 0.899597 0.799644 0.499779 0.399818 0 
0.599731 0.499779 0.499779 0.899597 0.899597 0.799644 0.899597 0.699692 0.499779 0.499779 0 
0.399818 0.199913 0.399818 0.899597 0.799644 0.699692 0.799644 0.599731 0.299866 0.499779 0 
0.499779 0.199913 0.299866 0.599731 0.699692 0.599731 0.399818 0.299866 0.399818 0.599731 0 
0.599731 0.399818 0.299866 0.399818 0.599731 0.399818 0.399818 0.299866 0.799644 0.799644 0 
0 0 0 0 0 0 0 0 0 0 0 
0 0 0 0 0 0 0 0 0 0 0 
0 0 0 0 0 0 0 0 0 0 0 
1 1 1 1 1 1 1 1 1 1 0 
1 1 1 1 1 1 1 1 1 1 0 
1 1 1 1 1 1 1 1 1 1 0 
1 1 1 1 1 1 1 1 1 1 0 
1 1 1 1 1 1 1 1 1 1 0 
1 1 1 1 1 1 1 1 1 1 0 
1 1 1 1 1 1 1 1 1 1 0 
1 1 1 1 1 1 1 1 1 1 0 
0 0 0 0 0 0 0 0 0 0 0 
0 0 0 0 0 0 0 0 0 0 0 
