FR48
9 9
0 0 0 0 0 0 0 0 0 
0.199928 0.199928 0 0.099968 0.199928 0.199928 0.299896 0.199928 0 
0.199928 0.199928 0.199928 0.399857 0.599785 0.399857 0.299896 0.299896 0 
0.299896 0.199928 0.599785 0.699753 0.699753 0.499825 0.199928 0.199928 0 
0.199928 0.199928 0.499825 0.599785 0.599785 0.499825 0.099968 0.099968 0 
0.099968 0.099968 0.199928 0.499825 0.499825 0.399857 0.099968 0.199928 0 
0.199928 0.199928 0.199928 0.299896 0.299896 0.099968 0.299896 0.299896 0 
0 0 0 0 0 0 0 0 0 
0 0 0 0 0 0 0 0 0 
0 0 0 0 0 0 0 0 0 
1 1 1 1 1 1 1 1 0 
1 1 1 1 1 1 1 1 0 
1 1 1 1 1 1 1 1 0 
1 1 1 1 1 1 1 1 0 
1 1 1 1 1 1 1 1 0 
1 1 1 1 1 1 1 1 0 
0 0 0 0 0 0 0 0 0 
0 0 0 0 0 0 0 0 0 
