FR50
9 9
0 0.799385 0.699463 0.599541 0.399689 0.299767 0.299767 0.199844 0 
0 0.699463 0.599541 0.499619 0.499619 0.199844 0.299767 0.299767 0 
0 0.599541 0.299767 0.599541 0.699463 0.399689 0.199844 0.199844 0 
0 0.399689 0.0999222 0.699463 0.899307 0.699463 0.199844 0.0999222 0 
0 0.599541 0.299767 0.799385 0.899307 0.699463 0.299767 0 0 
0 0.599541 0.399689 0.699463 0.599541 0.399689 0.0999222 0 0 
0 0.599541 0.399689 0.399689 0.299767 0.199844 0 0.0999222 0 
0 0.599541 0.599541 0.399689 0.299767 0.299767 0.199844 0.299767 0 
0 0 0 0 0 0 0 0 0 
0 1 1 1 1 1 1 1 0 
0 1 1 1 1 1 1 1 0 
0 1 1 1 1 1 1 1 0 
0 1 1 1 1 1 1 1 0 
0 1 1 1 1 1 1 1 0 
0 1 1 1 1 1 1 1 0 
0 1 1 1 1 1 1 1 0 
0 1 1 1 1 1 1 1 0 
0 0 0 0 0 0 0 0 0 
