FR57
9 9
0.29966 0.29966 0.29966 0.199776 0.199776 0.199776 0.29966 0.399551 0 
0.399551 0.29966 0.29966 0.399551 0.499435 0.199776 0.29966 0.499435 0 
0.29966 0.199776 0.499435 0.699211 0.699211 0.499435 0.399551 0.399551 0 
0.199776 0.29966 0.599327 0.998878 1.09876 0.898987 0.499435 0.29966 0 
0.099884 0.399551 0.799103 1.29854 1.39843 1.29854 0.599327 0.199776 0 
0.099884 0.399551 0.599327 1.09876 1.29854 1.09876 0.499435 0.29966 0 
0.199776 0.199776 0.199776 0.599327 0.898987 0.599327 0.099884 0.29966 0 
0.099884 0.099884 0 0.199776 0.199776 0.199776 0 0.199776 0 
0.099884 0.099884 0.099884 0.199776 0.29966 0.399551 0.29966 0.399551 0 
1 1 1 1 1 1 1 1 0 
1 1 1 1 1 1 1 1 0 
1 1 1 1 1 1 1 1 0 
1 1 1 1 1 1 1 1 0 
1 1 1 1 1 1 1 1 0 
1 1 1 1 1 1 1 1 0 
1 1 1 1 1 1 1 1 0 
1 1 1 1 1 1 1 1 0 
1 1 1 1 1 1 1 1 0 
