FR62
9 9
0.401726 0.299904 0.399872 0.49984 0.49984 0.599808 0.599808 0.599808 0 
0.401726 0.399872 0.799744 0.899712 0.899712 0.899712 0.599808 0.599808 0 
0.701675 0.799744 1.19961 1.39954 1.29958 1.09965 0.699776 0.599808 0 
0.701675 0.899712 1.19961 1.39954 1.29958 1.09965 0.699776 0.699776 0 
0.701675 0.699776 0.99968 1.29958 1.29958 0.99968 0.599808 0.799744 0 
0.501709 0.299904 0.399872 0.599808 0.699776 0.49984 0.49984 0.699776 0 
0.301743 0.299904 0.199936 0.199936 0.199936 0.299904 0.49984 0.599808 0 
0.00180054 0.099968 0 0.099968 0.199936 0.299904 0.399872 0.599808 0 
0 0 0 0 0 0 0 0 0 
1 1 1 1 1 1 1 1 0 
1 1 1 1 1 1 1 1 0 
1 1 1 1 1 1 1 1 0 
1 1 1 1 1 1 1 1 0 
1 1 1 1 1 1 1 1 0 
1 1 1 1 1 1 1 1 0 
1 1 1 1 1 1 1 1 0 
1 1 1 1 1 1 1 1 0 
0 0 0 0 0 0 0 0 0 
