FR63
11 11
0 0 0 0 0 0 0 0 0 0 0 
1.09949 0.899582 0.799622 0.799622 0.899582 0.999527 0.999527 1.09949 1.19945 1.39935 0 
0.599716 0.499771 0.599716 1.09949 1.29939 1.39935 1.19945 1.09949 0.899582 1.19945 0 
0.499771 0.499771 0.999527 1.39935 1.59926 1.59926 1.39935 1.19945 0.899582 0.899582 0 
0.499771 0.599716 1.29939 1.59926 1.59926 1.59926 1.4993 1.19945 0.999527 0.799622 0 
0.599716 0.699677 1.19945 1.59926 1.59926 1.6992 1.4993 1.09949 0.899582 0.599716 0 
0.599716 0.699677 1.19945 1.4993 1.59926 1.4993 1.09949 0.999527 0.799622 0.499771 0 
0.399811 0.29985 0.799622 0.999527 1.09949 0.999527 0.699677 0.29985 0.399811 0.29985 0 
0.399811 0.399811 0.399811 0.599716 0.599716 0.399811 0.199905 0.0999451 0.0999451 0.29985 0 
0.399811 0.499771 0.399811 0.499771 0.399811 0.0999451 0.0999451 0 0.399811 0.799622 0 
0 0 0 0 0 0 0 0 0 0 0 
0 0 0 0 0 0 0 0 0 0 0 
1 1 1 1 1 1 1 1 1 1 0 
1 1 1 1 1 1 1 1 1 1 0 
1 1 1 1 1 1 1 1 1 1 0 
1 1 1 1 1 1 1 1 1 1 0 
1 1 1 1 1 1 1 1 1 1 0 
1 1 1 1 1 1 1 1 1 1 0 
1 1 1 1 1 1 1 1 1 1 0 
1 1 1 1 1 1 1 1 1 1 0 
1 1 1 1 1 1 1 1 1 1 0 
0 0 0 0 0 0 0 0 0 0 0 
