FR7
9 9
0 0.0999069 0.299721 0.599442 0.399628 0.499535 0.299721 0.299721 0 
0 0 0.299721 0.599442 0.699348 0.599442 0.199814 0.299721 0 
0.299721 0.199814 0.499535 0.799255 0.799255 0.799255 0.399628 0.199814 0 
0.299721 0.299721 0.599442 0.799255 0.799255 0.699348 0.399628 0.299721 0 
0.399628 0.499535 0.599442 0.799255 0.799255 0.599442 0.299721 0.199814 0 
0.399628 0.399628 0.499535 0.699348 0.699348 0.499535 0.199814 0.299721 0 
0.299721 0.299721 0.499535 0.499535 0.499535 0.299721 0.299721 0.499535 0 
0.499535 0.399628 0.299721 0.299721 0.299721 0.199814 0.199814 0.299721 0 
0 0 0 0 0 0 0 0 0 
1 1 1 1 1 1 1 1 0 
1 1 1 1 1 1 1 1 0 
1 1 1 1 1 1 1 1 0 
1 1 1 1 1 1 1 1 0 
1 1 1 1 1 1 1 1 0 
1 1 1 1 1 1 1 1 0 
1 1 1 1 1 1 1 1 0 
1 1 1 1 1 1 1 1 0 
0 0 0 0 0 0 0 0 0 
