FR70
13 13
0.0999146 0.0999146 0.199829 0.199829 0.199829 0.299759 0.299759 0.299759 0.399673 0.499588 0.599503 0.599503 0.599503 
0.199829 0.299759 0.299759 0.199829 0.299759 0.399673 0.499588 0.499588 0.499588 0.399673 0.499588 0.499588 0.499588 
0.399673 0.299759 0.299759 0.299759 0.699417 0.799347 0.899261 0.899261 0.799347 0.599503 0.499588 0.499588 0.599503 
0.399673 0.399673 0.299759 0.299759 0.699417 1.09909 1.09909 0.999176 0.999176 0.899261 0.499588 0.299759 0.499588 
0.499588 0.499588 0.399673 0.499588 0.699417 0.899261 0.999176 0.899261 0.899261 0.899261 0.799347 0.499588 0.399673 
0.499588 0.399673 0.599503 0.899261 1.09909 0.899261 0.799347 0.799347 0.799347 0.899261 0.799347 0.599503 0.399673 
0.499588 0.499588 0.599503 0.899261 1.09909 0.899261 0.799347 0.799347 0.799347 0.899261 0.799347 0.599503 0.499588 
0.499588 0.499588 0.399673 0.699417 0.999176 0.799347 0.699417 0.799347 0.899261 0.899261 0.699417 0.599503 0.499588 
0.399673 0.499588 0.399673 0.599503 0.699417 0.899261 0.899261 0.899261 0.999176 0.999176 0.799347 0.499588 0.599503 
0.299759 0.399673 0.499588 0.499588 0.399673 0.599503 0.699417 0.599503 0.699417 0.699417 0.499588 0.499588 0.599503 
0 0.199829 0.299759 0.299759 0.399673 0.299759 0.399673 0.299759 0.399673 0.399673 0.399673 0.399673 0.499588 
0 0 0.0999146 0.199829 0.299759 0.299759 0.199829 0.299759 0.299759 0.299759 0.399673 0.399673 0.299759 
0 0 0 0 0 0 0 0 0 0 0 0 0 
1 1 1 1 1 1 1 1 1 1 1 1 1 
1 1 1 1 1 1 1 1 1 1 1 1 1 
1 1 1 1 1 1 1 1 1 1 1 1 1 
1 1 1 1 1 1 1 1 1 1 1 1 1 
1 1 1 1 1 1 1 1 1 1 1 1 1 
1 1 1 1 1 1 1 1 1 1 1 1 1 
1 1 1 1 1 1 1 1 1 1 1 1 1 
1 1 1 1 1 1 1 1 1 1 1 1 1 
1 1 1 1 1 1 1 1 1 1 1 1 1 
1 1 1 1 1 1 1 1 1 1 1 1 1 
1 1 1 1 1 1 1 1 1 1 1 1 1 
1 1 1 1 1 1 1 1 1 1 1 1 1 
0 0 0 0 0 0 0 0 0 0 0 0 0 
