FR71
11 11
0 0 0 0 0 0 0 0 0 0 0 
0.299759 0.199844 0.0999298 0.199844 0.299759 0.299759 0.299759 0.299759 0.199844 0 0 
0.299759 0.299759 0.199844 0.299759 0.499603 0.599533 0.499603 0.499603 0.299759 0.199844 0 
0.399689 0.299759 0.399689 0.599533 0.899292 0.999222 0.899292 0.799377 0.499603 0.399689 0 
0.299759 0.199844 0.499603 0.899292 1.29898 1.29898 1.19905 0.999222 0.699448 0.399689 0 
0.199844 0.199844 0.599533 1.09914 1.40889 1.29898 1.29898 1.19905 0.899292 0.599533 0 
0.299759 0.399689 0.499603 0.999222 1.40889 1.29898 1.29898 1.09914 0.899292 0.699448 0 
0.199844 0.299759 0.499603 0.899292 1.19905 1.40889 1.40889 1.19905 0.699448 0.699448 0 
0.299759 0.399689 0.399689 0.599533 0.699448 0.899292 0.999222 0.999222 0.599533 0.799377 0 
0.399689 0.299759 0.299759 0.599533 0.599533 0.699448 0.699448 0.699448 0.699448 0.899292 0 
0 0 0 0 0 0 0 0 0 0 0 
0 0 0 0 0 0 0 0 0 0 0 
1 1 1 1 1 1 1 1 1 1 0 
1 1 1 1 1 1 1 1 1 1 0 
1 1 1 1 1 1 1 1 1 1 0 
1 1 1 1 1 1 1 1 1 1 0 
1 1 1 1 1 1 1 1 1 1 0 
1 1 1 1 1 1 1 1 1 1 0 
1 1 1 1 1 1 1 1 1 1 0 
1 1 1 1 1 1 1 1 1 1 0 
1 1 1 1 1 1 1 1 1 1 0 
0 0 0 0 0 0 0 0 0 0 0 
