FR76
9 9
0.599457 0.499542 0.499542 0.499542 0.499542 0.499542 0.499542 0.499542 0.299728 
0.499542 0.599457 0.499542 0.699371 0.699371 0.499542 0.599457 0.299728 0 
0.499542 0.499542 0.699371 1.09901 1.09901 0.899185 0.799286 0.399643 0.0998993 
0.599457 0.599457 1.09901 1.19893 1.19893 1.09901 0.799286 0.499542 0.299728 
0.599457 0.599457 1.09901 1.19893 1.29883 0.9991 0.699371 0.399643 0.399643 
0.499542 0.499542 0.899185 1.19893 1.19893 1.09901 0.599457 0.399643 0.299728 
0.499542 0.499542 0.699371 0.899185 0.9991 0.699371 0.499542 0.499542 0.299728 
0.499542 0.499542 0.499542 0.599457 0.699371 0.499542 0.599457 0.499542 0.399643 
0.499542 0.499542 0.399643 0.399643 0.499542 0.499542 0.599457 0.499542 0.399643 
1 1 1 1 1 1 1 1 1 
1 1 1 1 1 1 1 1 1 
1 1 1 1 1 1 1 1 1 
1 1 1 1 1 1 1 1 1 
1 1 1 1 1 1 1 1 1 
1 1 1 1 1 1 1 1 1 
1 1 1 1 1 1 1 1 1 
1 1 1 1 1 1 1 1 1 
1 1 1 1 1 1 1 1 1 
