FR9
11 11
0 0 0 0 0 0 0 0 0 0 0 
0.39978 0.19989 0.299835 0.19989 0.39978 0.299835 0.0999451 0.19989 0.299835 0.19989 0 
0.19989 0.299835 0.39978 0.39978 0.39978 0.299835 0.0999451 0.299835 0.299835 0.19989 0 
0.299835 0.299835 0.499725 0.499725 0.59967 0.59967 0.499725 0.299835 0.0999451 0.299835 0 
0.19989 0.299835 0.499725 0.59967 0.699615 0.59967 0.39978 0.19989 0.19989 0.299835 0 
0.19989 0.19989 0.39978 0.59967 0.699615 0.499725 0.39978 0.19989 0.19989 0.19989 0 
0.19989 0.39978 0.39978 0.39978 0.499725 0.39978 0.299835 0.19989 0.19989 0.19989 0 
0.19989 0.299835 0.299835 0.19989 0.0999451 0.0999451 0.0999451 0.0999451 0.299835 0.499725 0 
0.0999451 0.19989 0.19989 0.0999451 0.0999451 0 0.19989 0.299835 0.299835 0.19989 0 
0 0 0 0 0 0 0 0 0 0 0 
0 0 0 0 0 0 0 0 0 0 0 
0 0 0 0 0 0 0 0 0 0 0 
1 1 1 1 1 1 1 1 1 1 0 
1 1 1 1 1 1 1 1 1 1 0 
1 1 1 1 1 1 1 1 1 1 0 
1 1 1 1 1 1 1 1 1 1 0 
1 1 1 1 1 1 1 1 1 1 0 
1 1 1 1 1 1 1 1 1 1 0 
1 1 1 1 1 1 1 1 1 1 0 
1 1 1 1 1 1 1 1 1 1 0 
0 0 0 0 0 0 0 0 0 0 0 
0 0 0 0 0 0 0 0 0 0 0 
