FR92
17 17
2.39803 2.39803 2.49794 2.49794 2.59785 2.69777 2.59785 2.49794 2.59785 2.49794 2.59785 2.59785 2.49794 2.59785 2.79768 2.59785 2.39803 
2.2981 2.2981 2.19818 2.39803 2.49794 2.59785 2.39803 2.49794 2.39803 2.39803 2.49794 2.49794 2.59785 2.59785 2.69777 2.49794 2.39803 
2.19818 2.19818 2.19818 2.2981 2.39803 2.49794 2.2981 2.09827 1.89844 1.99835 2.09827 2.2981 2.39803 2.2981 2.39803 2.39803 2.2981 
2.09827 2.09827 1.99835 2.19818 2.19818 2.09827 1.89844 1.69859 1.49876 1.59868 1.69859 1.79851 2.19818 2.19818 2.2981 2.2981 2.19818 
2.09827 2.09827 1.99835 1.89844 1.89844 1.69859 1.49876 1.49876 1.49876 1.59868 1.49876 1.49876 1.79851 1.89844 2.09827 2.09827 2.09827 
2.19818 2.09827 1.99835 1.79851 1.49876 1.49876 1.49876 1.79851 1.99835 1.99835 1.59868 1.49876 1.39885 1.79851 1.99835 1.89844 1.89844 
2.39803 2.19818 1.79851 1.49876 1.49876 1.59868 1.79851 2.09827 2.2981 2.19818 1.99835 1.59868 1.29893 1.39885 1.69859 1.79851 1.69859 
2.2981 2.19818 1.79851 1.49876 1.49876 1.89844 2.19818 2.2981 2.19818 2.2981 2.09827 1.79851 1.39885 0.999176 1.19901 1.49876 1.59868 
2.2981 2.19818 1.89844 1.69859 1.69859 2.19818 2.39803 2.2981 2.19818 2.19818 1.99835 1.89844 1.39885 0.799347 0.799347 1.39885 1.39885 
2.2981 2.19818 1.99835 1.79851 1.99835 2.39803 2.2981 2.2981 2.19818 2.09827 2.09827 1.89844 1.29893 0.699417 0.799347 1.09909 1.19901 
2.2981 2.19818 1.89844 1.69859 1.89844 2.2981 2.2981 2.19818 2.09827 2.09827 2.09827 1.69859 1.19901 0.599503 0.699417 1.09909 1.09909 
2.19818 2.09827 1.69859 1.49876 1.49876 1.79851 2.09827 2.09827 2.19818 1.99835 1.79851 1.49876 1.09909 0.699417 0.799347 0.899261 0.999176 
2.19818 1.99835 1.79851 1.49876 1.29893 1.49876 1.69859 1.69859 1.69859 1.49876 1.29893 0.899261 0.599503 0.599503 0.799347 0.899261 0.899261 
1.99835 1.99835 1.79851 1.69859 1.39885 1.29893 1.29893 1.29893 0.899261 0.599503 0.599503 0.399673 0.299759 0.599503 0.799347 0.799347 0.799347 
1.89844 1.79851 1.89844 1.69859 1.49876 1.39885 1.29893 1.09909 0.899261 0.699417 0.499588 0.399673 0.499588 0.599503 0.699417 0.599503 0.399673 
1.79851 1.79851 1.69859 1.79851 1.49876 1.39885 1.19901 1.09909 0.999176 0.899261 0.699417 0.699417 0.699417 0.699417 0.499588 0.499588 0.299759 
1.79851 1.69859 1.69859 1.69859 1.59868 1.29893 1.19901 0.999176 0.899261 0.799347 0.699417 0.799347 0.699417 0.699417 0.499588 0.299759 0 
1 1 1 1 1 1 1 1 1 1 1 1 1 1 1 1 1 
1 1 1 1 1 1 1 1 1 1 1 1 1 1 1 1 1 
1 1 1 1 1 1 1 1 1 1 1 1 1 1 1 1 1 
1 1 1 1 1 1 1 1 1 1 1 1 1 1 1 1 1 
1 1 1 1 1 1 1 1 1 1 1 1 1 1 1 1 1 
1 1 1 1 1 1 1 1 1 1 1 1 1 1 1 1 1 
1 1 1 1 1 1 1 1 1 1 1 1 1 1 1 1 1 
1 1 1 1 1 1 1 1 1 1 1 1 1 1 1 1 1 
1 1 1 1 1 1 1 1 1 1 1 1 1 1 1 1 1 
1 1 1 1 1 1 1 1 1 1 1 1 1 1 1 1 1 
1 1 1 1 1 1 1 1 1 1 1 1 1 1 1 1 1 
1 1 1 1 1 1 1 1 1 1 1 1 1 1 1 1 1 
1 1 1 1 1 1 1 1 1 1 1 1 1 1 1 1 1 
1 1 1 1 1 1 1 1 1 1 1 1 1 1 1 1 1 
1 1 1 1 1 1 1 1 1 1 1 1 1 1 1 1 1 
1 1 1 1 1 1 1 1 1 1 1 1 1 1 1 1 1 
1 1 1 1 1 1 1 1 1 1 1 1 1 1 1 1 1 
