FR95
11 11
0.0999603 0.199921 0.299866 0.399826 0.399826 0.399826 0.299866 0.299866 0.199921 0.199921 0 
0 0.199921 0.399826 0.499786 0.299866 0.499786 0.299866 0.399826 0.199921 0.199921 0.0999603 
0.0999603 0.0999603 0.299866 0.299866 0.699707 0.799667 0.799667 0.499786 0.199921 0.0999603 0.199921 
0.199921 0.199921 0.0999603 0.599747 1.39941 1.49937 1.49937 0.899628 0.399826 0.299866 0.299866 
0.299866 0.199921 0.299866 0.799667 1.19951 1.59933 1.6993 1.39941 0.499786 0.499786 0.299866 
0.399826 0.499786 0.499786 0.899628 1.09955 1.29945 1.59933 1.29945 0.199921 0.499786 0.599747 
0.499786 0.399826 0.499786 0.699707 0.899628 1.19951 1.29945 1.19951 0.399826 0.599747 0.599747 
0.499786 0.499786 0.499786 0.599747 0.899628 0.899628 0.999588 0.899628 0.699707 0.699707 0.599747 
0.499786 0.599747 0.499786 0.499786 0.599747 0.599747 0.599747 0.899628 0.799667 0.699707 0.799667 
0.499786 0.399826 0.599747 0.599747 0.599747 0.499786 0.699707 0.799667 0.799667 0.699707 0.699707 
0.499786 0.399826 0.599747 0.599747 0.699707 0.699707 0.799667 0.699707 0.799667 0.799667 0.899628 
1 1 1 1 1 1 1 1 1 1 1 
1 1 1 1 1 1 1 1 1 1 1 
1 1 1 1 1 1 1 1 1 1 1 
1 1 1 1 1 1 1 1 1 1 1 
1 1 1 1 1 1 1 1 1 1 1 
1 1 1 1 1 1 1 1 1 1 1 
1 1 1 1 1 1 1 1 1 1 1 
1 1 1 1 1 1 1 1 1 1 1 
1 1 1 1 1 1 1 1 1 1 1 
1 1 1 1 1 1 1 1 1 1 1 
1 1 1 1 1 1 1 1 1 1 1 
