FR10
13 13
0.299759 0.299759 0.299759 0.299759 0.0999298 0 0.199844 0.0999298 0.199844 0.299759 0.399673 0.399673 0 
0.399673 0.399673 0.299759 0.299759 0.199844 0.299759 0.199844 0.199844 0.199844 0.399673 0.399673 0.399673 0 
0.499603 0.399673 0.399673 0.299759 0.299759 0.299759 0.199844 0.299759 0.499603 0.399673 0.399673 0.499603 0 
0.499603 0.399673 0.299759 0.199844 0.399673 0.499603 0.499603 0.599518 0.299759 0.299759 0.499603 0.499603 0 
0.799347 0.599518 0.399673 0.399673 0.699432 0.899261 0.899261 0.799347 0.299759 0.399673 0.499603 0.599518 0 
0.899261 0.699432 0.499603 0.599518 0.999191 1.59869 1.59869 1.09911 0.699432 0.499603 0.599518 0.699432 0 
0.799347 0.799347 0.399673 0.699432 1.29893 1.79854 1.79854 1.09911 0.599518 0.499603 0.599518 0.699432 0 
0.899261 0.899261 0.499603 0.499603 0.999191 1.39886 1.29893 0.999191 0.499603 0.599518 0.699432 0.699432 0 
0.699432 0.799347 0.699432 0.499603 0.499603 0.799347 0.599518 0.399673 0.399673 0.699432 0.799347 0.899261 0 
0.699432 0.799347 0.699432 0.599518 0.599518 0.499603 0.499603 0.299759 0.599518 0.699432 0.699432 0.799347 0 
0.799347 0.799347 0.799347 0.799347 0.699432 0.699432 0.699432 0.599518 0.699432 0.799347 0.799347 0.799347 0 
0.799347 0.799347 0.999191 0.899261 0.799347 0.899261 0.899261 0.899261 0.899261 0.799347 0.799347 0.799347 0 
0 0 0 0 0 0 0 0 0 0 0 0 0 
1 1 1 1 1 1 1 1 1 1 1 1 0 
1 1 1 1 1 1 1 1 1 1 1 1 0 
1 1 1 1 1 1 1 1 1 1 1 1 0 
1 1 1 1 1 1 1 1 1 1 1 1 0 
1 1 1 1 1 1 1 1 1 1 1 1 0 
1 1 1 1 1 1 1 1 1 1 1 1 0 
1 1 1 1 1 1 1 1 1 1 1 1 0 
1 1 1 1 1 1 1 1 1 1 1 1 0 
1 1 1 1 1 1 1 1 1 1 1 1 0 
1 1 1 1 1 1 1 1 1 1 1 1 0 
1 1 1 1 1 1 1 1 1 1 1 1 0 
1 1 1 1 1 1 1 1 1 1 1 1 0 
0 0 0 0 0 0 0 0 0 0 0 0 0 
