FR12
11 11
0.49968 0.599625 0.599625 0.599625 0.49968 0.49968 0.49968 0.49968 0.699554 0.699554 0 
0.599625 0.699554 0.699554 0.599625 0.49968 0.49968 0.49968 0.39975 0.49968 0.49968 0 
0.599625 0.599625 0.799484 0.999359 0.899429 0.899429 0.599625 0.49968 0.599625 0.49968 0 
0.599625 0.699554 0.899429 1.19923 1.39911 1.19923 0.899429 0.599625 0.599625 0.599625 0 
0.599625 0.699554 0.999359 1.29918 1.39911 1.29918 0.799484 0.39975 0.39975 0.49968 0 
0.699554 0.49968 0.799484 1.29918 1.29918 1.39911 0.899429 0.299805 0.39975 0.39975 0 
0.49968 0.49968 0.49968 0.899429 1.19923 1.0993 0.699554 0.299805 0.39975 0.299805 0 
0.699554 0.699554 0.599625 0.599625 0.599625 0.49968 0.49968 0.39975 0.39975 0.299805 0 
0.599625 0.699554 0.599625 0.39975 0.49968 0.599625 0.39975 0.39975 0.39975 0.0999298 0 
0.39975 0.49968 0.599625 0.49968 0.49968 0.39975 0.39975 0.39975 0.299805 0 0 
0 0 0 0 0 0 0 0 0 0 0 
1 1 1 1 1 1 1 1 1 1 0 
1 1 1 1 1 1 1 1 1 1 0 
1 1 1 1 1 1 1 1 1 1 0 
1 1 1 1 1 1 1 1 1 1 0 
1 1 1 1 1 1 1 1 1 1 0 
1 1 1 1 1 1 1 1 1 1 0 
1 1 1 1 1 1 1 1 1 1 0 
1 1 1 1 1 1 1 1 1 1 0 
1 1 1 1 1 1 1 1 1 1 0 
1 1 1 1 1 1 1 1 1 1 0 
0 0 0 0 0 0 0 0 0 0 0 
