FR17
13 13
0 0 0 0 0 0 0 0 0 0 0 0 0 
0.399826 0.699707 0.699707 0.599747 0.599747 0.499786 0.399826 0.299881 0.399826 0.399826 0.394653 0.394653 0 
0.699707 0.699707 0.499786 0.299881 0.299881 0.299881 0.299881 0.0999603 0.0999603 0.199921 0.19487 0.19487 0 
0.799652 0.699707 0.299881 0.299881 0.699707 0.799652 0.799652 0.499786 0.0999603 0 0.094986 0.19487 0 
0.699707 0.599747 0.299881 0.599747 0.999573 1.09952 1.09952 0.799652 0.199921 0.0999603 0.294769 0.19487 0 
0.499786 0.499786 0.199921 0.699707 1.09952 1.19948 1.19948 0.799652 0.299881 0.0999603 0.294769 0.294769 0 
0.499786 0.599747 0.399826 0.599747 0.999573 1.09952 1.09952 0.599747 0.299881 0.199921 0.294769 0.294769 0 
0.699707 0.699707 0.399826 0.299881 0.599747 0.799652 0.699707 0.299881 0.0999603 0.299881 0.294769 0.294769 0 
0.699707 0.599747 0.399826 0.399826 0.399826 0.299881 0.199921 0.199921 0.199921 0.399826 0.394653 0.294769 0 
0.799652 0.799652 0.699707 0.599747 0.499786 0.399826 0.199921 0.299881 0.299881 0.399826 0.294769 0.294769 0 
0.699707 0.799652 0.699707 0.599747 0.499786 0.499786 0.499786 0.399826 0.499786 0.399826 0.294769 0.294769 0 
0.599747 0.599747 0.599747 0.499786 0.499786 0.499786 0.499786 0.499786 0.399826 0.399826 0.294769 0.294769 0 
0 0 0 0 0 0 0 0 0 0 0 0 0 
0 0 0 0 0 0 0 0 0 0 0 0 0 
1 1 1 1 1 1 1 1 1 1 1 1 0 
1 1 1 1 1 1 1 1 1 1 1 1 0 
1 1 1 1 1 1 1 1 1 1 1 1 0 
1 1 1 1 1 1 1 1 1 1 1 1 0 
1 1 1 1 1 1 1 1 1 1 1 1 0 
1 1 1 1 1 1 1 1 1 1 1 1 0 
1 1 1 1 1 1 1 1 1 1 1 1 0 
1 1 1 1 1 1 1 1 1 1 1 1 0 
1 1 1 1 1 1 1 1 1 1 1 1 0 
1 1 1 1 1 1 1 1 1 1 1 1 0 
1 1 1 1 1 1 1 1 1 1 1 1 0 
0 0 0 0 0 0 0 0 0 0 0 0 0 
