FR18
13 13
0.499771 0.399811 0.199905 0.299866 0.499771 0.399811 0.399811 0.399811 0.299866 0.399811 0.499771 0.399811 0 
0.499771 0.399811 0.299866 0.199905 0.199905 0.199905 0.0999451 0.0999451 0.199905 0.399811 0.499771 0.399811 0 
0.499771 0.299866 0.299866 0.399811 0.399811 0.599731 0.399811 0.199905 0.0999451 0.299866 0.599731 0.399811 0 
0.399811 0 0.299866 0.699692 1.19946 1.09952 0.899597 0.499771 0.0999451 0.299866 0.399811 0.399811 0 
0.299866 0.0999451 0.199905 0.799637 1.39938 1.39938 1.19946 0.899597 0.299866 0.199905 0.399811 0.499771 0 
0.199905 0.0999451 0.299866 0.899597 1.29942 1.29942 1.39938 0.999557 0.199905 0.199905 0.399811 0.399811 0 
0.0999451 0.0999451 0.299866 0.599731 1.09952 1.29942 1.19946 0.799637 0.399811 0.399811 0.499771 0.399811 0 
0.0999451 0.0999451 0 0.299866 0.699692 0.799637 0.699692 0.399811 0.299866 0.499771 0.599731 0.499771 0 
0.499771 0.399811 0.0999451 0.199905 0.299866 0.299866 0.199905 0.299866 0.399811 0.499771 0.499771 0.499771 0 
0.299866 0.399811 0.299866 0.299866 0.299866 0.299866 0.399811 0.499771 0.499771 0.499771 0.499771 0.499771 0 
0.299866 0.399811 0.199905 0.499771 0.499771 0.399811 0.599731 0.699692 0.599731 0.499771 0.599731 0.599731 0 
0.499771 0.599731 0.599731 0.699692 0.699692 0.499771 0.499771 0.599731 0.599731 0.599731 0.599731 0.499771 0 
0 0 0 0 0 0 0 0 0 0 0 0 0 
1 1 1 1 1 1 1 1 1 1 1 1 0 
1 1 1 1 1 1 1 1 1 1 1 1 0 
1 1 1 1 1 1 1 1 1 1 1 1 0 
1 1 1 1 1 1 1 1 1 1 1 1 0 
1 1 1 1 1 1 1 1 1 1 1 1 0 
1 1 1 1 1 1 1 1 1 1 1 1 0 
1 1 1 1 1 1 1 1 1 1 1 1 0 
1 1 1 1 1 1 1 1 1 1 1 1 0 
1 1 1 1 1 1 1 1 1 1 1 1 0 
1 1 1 1 1 1 1 1 1 1 1 1 0 
1 1 1 1 1 1 1 1 1 1 1 1 0 
1 1 1 1 1 1 1 1 1 1 1 1 0 
0 0 0 0 0 0 0 0 0 0 0 0 0 
