FR2
17 17
0.599503 0.599503 0.499588 0.499588 0.499588 0.499588 0.299744 0.299744 0.299744 0.399673 0.399673 0.499588 0.499588 0.599503 0.499588 0.399673 0 
0.499588 0.499588 0.399673 0.399673 0.399673 0.199829 0.299744 0.199829 0.199829 0.299744 0.299744 0.199829 0.399673 0.399673 0.499588 0.499588 0 
0.599503 0.599503 0.399673 0.399673 0.199829 0.199829 0.399673 0.499588 0.399673 0.299744 0.199829 0.0999146 0.299744 0.399673 0.499588 0.399673 0 
0.599503 0.599503 0.399673 0.299744 0.299744 0.399673 0.499588 0.799332 0.799332 0.699417 0.599503 0.299744 0.199829 0.299744 0.399673 0.499588 0 
0.599503 0.599503 0.399673 0.199829 0.399673 0.599503 0.899246 1.09909 1.19901 1.09909 0.899246 0.599503 0.199829 0.299744 0.499588 0.599503 0 
0.599503 0.399673 0.299744 0.299744 0.599503 0.799332 1.09909 1.29892 1.19901 1.29892 1.19901 0.899246 0.399673 0.299744 0.499588 0.599503 0 
0.499588 0.399673 0.0999146 0.399673 0.799332 0.999176 1.19901 1.29892 1.29892 1.39883 1.19901 0.999176 0.399673 0.199829 0.399673 0.399673 0 
0.499588 0.299744 0.0999146 0.299744 0.699417 1.09909 1.19901 1.19901 1.19901 1.29892 1.19901 0.799332 0.499588 0.299744 0.499588 0.499588 0 
0.499588 0.399673 0.199829 0.299744 0.499588 0.899246 1.09909 1.09909 1.29892 1.29892 1.09909 0.699417 0.299744 0.299744 0.499588 0.599503 0 
0.399673 0.499588 0.299744 0.199829 0.399673 0.799332 1.09909 1.09909 1.29892 1.19901 0.899246 0.399673 0.199829 0.299744 0.499588 0.499588 0 
0.499588 0.499588 0.399673 0.299744 0.199829 0.599503 0.599503 0.799332 0.999176 0.699417 0.499588 0.299744 0.0999146 0.399673 0.499588 0.499588 0 
0.499588 0.599503 0.399673 0.299744 0.199829 0.199829 0.399673 0.399673 0.399673 0.299744 0.199829 0.199829 0.199829 0.399673 0.499588 0.499588 0 
0.399673 0.499588 0.499588 0.499588 0.399673 0.299744 0.199829 0.199829 0.299744 0.199829 0.199829 0.299744 0.399673 0.499588 0.299744 0.499588 0 
0.299744 0.399673 0.399673 0.499588 0.499588 0.299744 0.399673 0.399673 0.399673 0.399673 0.399673 0.399673 0.499588 0.499588 0.399673 0.399673 0 
0.0999146 0.299744 0.399673 0.399673 0.499588 0.399673 0.499588 0.399673 0.399673 0.399673 0.399673 0.499588 0.399673 0.499588 0.399673 0.399673 0 
0 0.0999146 0.299744 0.299744 0.399673 0.399673 0.399673 0.499588 0.399673 0.399673 0.399673 0.499588 0.499588 0.499588 0.399673 0.399673 0 
0 0 0 0 0 0 0 0 0 0 0 0 0 0 0 0 0 
1 1 1 1 1 1 1 1 1 1 1 1 1 1 1 1 0 
1 1 1 1 1 1 1 1 1 1 1 1 1 1 1 1 0 
1 1 1 1 1 1 1 1 1 1 1 1 1 1 1 1 0 
1 1 1 1 1 1 1 1 1 1 1 1 1 1 1 1 0 
1 1 1 1 1 1 1 1 1 1 1 1 1 1 1 1 0 
1 1 1 1 1 1 1 1 1 1 1 1 1 1 1 1 0 
1 1 1 1 1 1 1 1 1 1 1 1 1 1 1 1 0 
1 1 1 1 1 1 1 1 1 1 1 1 1 1 1 1 0 
1 1 1 1 1 1 1 1 1 1 1 1 1 1 1 1 0 
1 1 1 1 1 1 1 1 1 1 1 1 1 1 1 1 0 
1 1 1 1 1 1 1 1 1 1 1 1 1 1 1 1 0 
1 1 1 1 1 1 1 1 1 1 1 1 1 1 1 1 0 
1 1 1 1 1 1 1 1 1 1 1 1 1 1 1 1 0 
1 1 1 1 1 1 1 1 1 1 1 1 1 1 1 1 0 
1 1 1 1 1 1 1 1 1 1 1 1 1 1 1 1 0 
1 1 1 1 1 1 1 1 1 1 1 1 1 1 1 1 0 
0 0 0 0 0 0 0 0 0 0 0 0 0 0 0 0 0 
