FR21
13 13
0.299667 0.499435 0.399551 0.299667 0.399551 0.599319 0.499435 0.499435 0.599319 0.399551 0.399551 0.399551 0.299667 
0.299667 0.499435 0.499435 0.399551 0.299667 0.499435 0.399551 0.499435 0.399551 0.399551 0.399551 0.499435 0.299667 
0.299667 0.499435 0.599319 0.399551 0.299667 0.199768 0.299667 0.399551 0.199768 0.099884 0.399551 0.399551 0.299667 
0.299667 0.399551 0.399551 0.399551 0.499435 0.699219 0.699219 0.599319 0.199768 0 0.399551 0.399551 0.199768 
0.199768 0.299667 0.299667 0.399551 0.499435 0.998871 1.09877 0.898987 0.499435 0.099884 0.299667 0.299667 0.499435 
0.299667 0.199768 0.299667 0.599319 0.998871 1.39842 1.39842 1.19865 0.699219 0.199768 0.299667 0.399551 0.399551 
0.299667 0.199768 0.299667 0.699219 1.19865 1.49832 1.69809 1.39842 0.898987 0.399551 0.299667 0.499435 0.299667 
0.299667 0.399551 0.299667 0.499435 0.898987 1.19865 1.39842 1.19865 0.599319 0.399551 0.299667 0.299667 0.399551 
0.299667 0.299667 0.299667 0.299667 0.599319 0.898987 0.898987 0.699219 0.399551 0.399551 0.399551 0.399551 0.499435 
0.399551 0.399551 0.399551 0.399551 0.399551 0.499435 0.499435 0.299667 0.199768 0.399551 0.499435 0.499435 0.499435 
0.499435 0.499435 0.499435 0.499435 0.399551 0.499435 0.499435 0.399551 0.399551 0.499435 0.599319 0.499435 0.499435 
0.399551 0.499435 0.499435 0.499435 0.599319 0.599319 0.599319 0.599319 0.599319 0.599319 0.499435 0.599319 0.499435 
0 0 0 0 0 0 0 0 0 0 0 0 0 
1 1 1 1 1 1 1 1 1 1 1 1 1 
1 1 1 1 1 1 1 1 1 1 1 1 1 
1 1 1 1 1 1 1 1 1 1 1 1 1 
1 1 1 1 1 1 1 1 1 1 1 1 1 
1 1 1 1 1 1 1 1 1 1 1 1 1 
1 1 1 1 1 1 1 1 1 1 1 1 1 
1 1 1 1 1 1 1 1 1 1 1 1 1 
1 1 1 1 1 1 1 1 1 1 1 1 1 
1 1 1 1 1 1 1 1 1 1 1 1 1 
1 1 1 1 1 1 1 1 1 1 1 1 1 
1 1 1 1 1 1 1 1 1 1 1 1 1 
1 1 1 1 1 1 1 1 1 1 1 1 1 
0 0 0 0 0 0 0 0 0 0 0 0 0 
