FR8
11 11
0.399689 0.499619 0.599548 0.499619 0.399689 0.399689 0.399689 0.499619 0.499619 0.599548 0.599548 
0.399689 0.399689 0.399689 0.399689 0.399689 0.399689 0.299774 0.499619 0.699463 0.499619 0.499619 
0.299774 0.299774 0.199844 0.299774 0.399689 0.599548 0.499619 0.599548 0.499619 0.499619 0.499619 
0.299774 0.299774 0.199844 0.499619 0.899307 1.09915 0.999237 0.499619 0.299774 0.399689 0.499619 
0.399689 0.399689 0.399689 0.799393 1.19908 1.39893 1.299 0.799393 0.499619 0.499619 0.499619 
0.399689 0.399689 0.399689 0.899307 1.299 1.59877 1.39893 0.799393 0.499619 0.499619 0.599548 
0.399689 0.399689 0.299774 0.599548 1.09915 1.299 0.999237 0.399689 0.199844 0.499619 0.599548 
0.399689 0.399689 0.299774 0.399689 0.599548 0.699463 0.399689 0 0.199844 0.599548 0.599548 
0.399689 0.399689 0.399689 0.199844 0 0.0999298 0.0999298 0.199844 0.399689 0.499619 0.599548 
0.399689 0.399689 0.499619 0.399689 0.299774 0.299774 0.299774 0.299774 0.499619 0.499619 0.599548 
0.399689 0.399689 0.399689 0.399689 0.299774 0.299774 0.399689 0.399689 0.399689 0.399689 0.499619 
1 1 1 1 1 1 1 1 1 1 1 
1 1 1 1 1 1 1 1 1 1 1 
1 1 1 1 1 1 1 1 1 1 1 
1 1 1 1 1 1 1 1 1 1 1 
1 1 1 1 1 1 1 1 1 1 1 
1 1 1 1 1 1 1 1 1 1 1 
1 1 1 1 1 1 1 1 1 1 1 
1 1 1 1 1 1 1 1 1 1 1 
1 1 1 1 1 1 1 1 1 1 1 
1 1 1 1 1 1 1 1 1 1 1 
1 1 1 1 1 1 1 1 1 1 1 
